10959 15
0 0.0076554165592 0.0076554165592 0.0037295619135 0.0019393721950 0.0069263292679 0.0037295619135 0.0076554165592 0.0010315809548 0.0063240397663 0.0096968609750 0.0096968609750 0.0044076640795 0.0035476320640 0.0299425035275 0.8960617826904
1 0.0090060196918 0.0390260853312 0.0043875480550 0.0098866082839 0.1258460211963 0.0043875480550 0.0290193967848 0.0012135771216 0.0074397553976 0.0114076249430 0.2649104014536 0.0397538444983 0.0319969967913 0.0013264680166 0.4203921043801
2 0.0084582022836 0.0084582022836 0.2925670482204 0.0021427445785 0.1181910700054 0.0041206626510 0.0084582022836 0.0024061552596 0.0069872105821 0.0226178594399 0.0702344056291 0.4323365955137 0.0039196547168 0.0012457817317 0.0178562048210
3 0.0044072435314 0.0925521141592 0.0021471186435 0.0110409612023 0.2122239332233 0.2550299811000 0.0239949925598 0.0302880778859 0.0805013903005 0.0055825084731 0.0986243163580 0.0138152987466 0.0451593165100 0.0222867586329 0.1023459886734
4 0.0370636927951 0.0242831090727 0.0118302326251 0.0029139730887 0.2069845963814 0.0305095472964 0.0242831090727 0.0256608741264 0.0306178331786 0.0145698654436 0.0145698654436 0.0066226661107 0.1356300482352 0.0054589935125 0.4290015936172
5 0.1438203700548 0.0234685959504 0.0583397510114 0.0593013308271 0.0049000365171 0.0026384812015 0.0054158298347 0.0007297926728 0.0790397194716 0.0068600511240 0.0830828413901 0.0585529616135 0.0025097748014 0.0025703033927 0.4687701601369
6 0.0193130843827 0.0622310496776 0.0094089385454 0.0048926480436 0.0174737430129 0.0407720670301 0.3841157893891 0.0228439240807 0.0336812727640 0.0244632402181 0.0788259962583 0.0481851701265 0.0089499659334 0.1134664501071 0.1313766604304
7 0.0038431962459 0.0119341357110 0.0255227648126 0.0491416693311 0.2487096999144 0.0117266757247 0.1231845533560 0.0397675412964 0.0015038594006 0.0023059177476 0.1714065525679 0.0033773542767 0.0036557232583 0.0011618965395 0.3027584598173
8 0.0135169882217 0.0135169882217 0.2626762867822 0.0034243036828 0.0258181626881 0.0139020876013 0.0135169882217 0.0018214381292 0.1228282842759 0.0551693371125 0.0171215184142 0.2412577594730 0.0897835721721 0.0019908742342 0.1236554107693
9 0.0218315685201 0.0218315685201 0.4124362702476 0.0116758462752 0.1953290072356 0.0106358923560 0.0460888668758 0.0029418425665 0.0180347739949 0.0583792313760 0.0276533201255 0.0125696909661 0.1112877517245 0.0032155023402 0.0460888668758
10 0.0615059923498 0.1251328809875 0.1746204610390 0.0746838279521 0.0172701554874 0.0092993144932 0.0402970294705 0.0025721508173 0.1384115360075 0.1585016492508 0.1316369629371 0.0109900989465 0.0088456893960 0.0059352213949 0.0402970294705
11 0.0050276084191 0.2284768714910 0.0323858194747 0.0012736607995 0.0096029980915 0.0024493476914 0.0106138399959 0.0021829883680 0.0087679547792 0.0063683039975 0.2115692105853 0.0028946836352 0.0282172819404 0.0032088353476 0.4469605953836
12 0.0472221169719 0.0086734500561 0.1497714552416 0.0021972740142 0.0252860898460 0.0793460060685 0.0183106167850 0.0011687627735 0.3096882577989 0.0109863700710 0.0109863700710 0.0049938045777 0.2630476411313 0.0296660380471 0.0386557465462
13 0.0026919926475 0.0026919926475 0.1339170473471 0.1469269646345 0.0051418483903 0.0989441514131 0.0026919926475 0.0015719200566 0.0022238200132 0.3974378182093 0.0905506563890 0.0704359423033 0.0012475087879 0.0188995969597 0.0246267475535
14 0.0311958076322 0.0658578161125 0.2516106307888 0.0342460643785 0.0595856431494 0.0320845770804 0.0311958076322 0.0042036903902 0.0257704497832 0.0834199004092 0.0834199004092 0.0179612225761 0.0626452397168 0.0045947313567 0.2122085185847
15 0.5006260159680 0.0188520257059 0.1112323226123 0.0047758465122 0.0170565946863 0.0091843202157 0.0188520257059 0.0025403438894 0.0328772042504 0.0238792325608 0.1300091550533 0.0108541966186 0.0766853403376 0.0027766549489 0.0397987209347
16 0.0282946834366 0.0134027447857 0.4055571292573 0.0033953620124 0.0121262929014 0.0137845893665 0.0134027447857 0.0038127587610 0.0233738689259 0.0169768100619 0.4131023781737 0.0162908783423 0.0062110280714 0.0019740476816 0.0282946834366
17 0.0177637284787 0.0177637284787 0.0086541241306 0.0045001445479 0.0696450941942 0.0278855110876 0.0177637284787 0.0050533538068 0.0472841274964 0.2475079501363 0.0725023288278 0.0102276012453 0.3009243000548 0.0316870643233 0.1208372147130
18 0.0076219588137 0.2278118800988 0.1192369682225 0.0040763364915 0.0068960579743 0.0037132619862 0.0245596450664 0.0021682640912 0.0062964007592 0.0096544811640 0.0311088837508 0.0141404017049 0.0427779856455 0.0011226140888 0.4988148601420
19 0.0042244427995 0.4736069760765 0.0043447972952 0.0010701921759 0.1736938888617 0.0020580618767 0.0652441721255 0.0246043000245 0.1275700093702 0.0053509608794 0.0053509608794 0.0483748483538 0.0367606662037 0.0089182681323 0.0188274549459
20 0.2176211842513 0.4814044378893 0.0203473834537 0.0050118818191 0.0576764177597 0.0096382342675 0.0637476196292 0.0026658945846 0.0163430928884 0.0250594090956 0.0250594090956 0.0113906404980 0.0193548281633 0.0029138847786 0.0417656818260
21 0.0080499632036 0.0080499632036 0.1259326152447 0.0156348174221 0.0558386336503 0.0082793068846 0.0080499632036 0.0010847468147 0.0140388247174 0.1008332427946 0.0555149314262 0.0252340597392 0.0037304707529 0.0051378318121 0.5645906291306
22 0.0194667592492 0.0194667592492 0.0029432500722 0.0015304900375 0.1026400064845 0.1272138086743 0.0060414080428 0.0017186353849 0.0049907283832 0.0161551726183 0.0076524501876 0.0034783864489 0.0650147190736 0.0137427723007 0.6079446537931
23 0.1283697337193 0.0125474175816 0.0374607647850 0.0007335413355 0.0113524254310 0.0202194086078 0.0028955579034 0.0012572516980 0.0954135287893 0.1748273516367 0.0036677066777 0.1832000961737 0.0013418439065 0.0013742053444 0.3253391664102
24 0.0116871529210 0.0246728783887 0.3283390739420 0.0424373508286 0.0105740907380 0.0246728783887 0.0116871529210 0.0015748645780 0.0096546045869 0.0148037270332 0.0312523126257 0.0067289668333 0.0054159976951 0.0131971209986 0.4633018275213
25 0.1146289282689 0.0172607266505 0.0450640010054 0.0088575557957 0.2758976466203 0.2175577847582 0.0438156907283 0.0339344818729 0.0617883982997 0.0050454431748 0.0050454431748 0.0022933832613 0.0018458938444 0.0090609380012 0.1579036845437
26 0.0076942906944 0.0441409308255 0.0037485005947 0.0091305582906 0.0032975531547 0.0136129758439 0.4450539722684 0.0217732055819 0.0933350914663 0.0302642100645 0.2457043495065 0.0044300461574 0.0636186474485 0.0065013774084 0.0076942906944
27 0.1640754413142 0.2526508723579 0.0018493771317 0.0672104746923 0.0034345575303 0.0285626023671 0.2948296490454 0.0323400535297 0.0031359003537 0.0101510255894 0.0689201211073 0.0386127528403 0.0213054259804 0.0049077785898 0.0080139675706
28 0.1756104898189 0.2621181202716 0.0139077652035 0.0006574579914 0.0023480642551 0.1010069008217 0.0141295796406 0.0050125343319 0.0736067099112 0.0069398343541 0.0215500119417 0.0014942227078 0.0038752605187 0.0322358278749 0.2855072203569
29 0.0252333720910 0.0916369828570 0.0187632766831 0.0063924542631 0.0108143023247 0.0187632766831 0.0517948163974 0.0230858510620 0.0208449595535 0.0487845193760 0.2674737441651 0.3433267899661 0.0363114378871 0.0115408445998 0.0252333720910
30 0.0139757500336 0.0043373017346 0.0631565503287 0.0438292372318 0.0867689833778 0.0608087231790 0.0043373017346 0.0012338580979 0.0234884794418 0.3778593014834 0.2374592379274 0.0607660354126 0.0020099690965 0.0006388273873 0.0193304435331
31 0.0174342112096 0.1557055414924 0.1549347982913 0.0013706897089 0.0048953203889 0.0758565458553 0.0174342112096 0.0088300932783 0.0044696403551 0.0068534485445 0.3342959901129 0.0031152038838 0.0080792686093 0.0556953376546 0.1510296994056
32 0.0201927549176 0.2858868985704 0.0046598665194 0.0051154979125 0.0086540378218 0.0150151254516 0.0095649891715 0.0055852300836 0.5171101150641 0.0390393261741 0.0255774895623 0.0055071149775 0.0093576181326 0.0061047863704 0.0426291492705
33 0.1752366201192 0.0083446009581 0.1531269936492 0.0068116668561 0.0327161339149 0.0808546662631 0.0083446009581 0.0523493839457 0.0222119571396 0.1984778790839 0.0458025874809 0.1916448590401 0.0038670102001 0.0025946605907 0.0176163798003
34 0.0265659330947 0.0560836365332 0.0560836365332 0.0142078545884 0.0240358442285 0.5450179037458 0.0265659330947 0.0035798065872 0.0219457708173 0.0336501819199 0.0336501819199 0.0152955372363 0.0123110421658 0.0126079492982 0.1183987882368
35 0.0130933383121 0.0130933383121 0.0134663678936 0.0033169790391 0.0250089689453 0.0063788058444 0.0421896456723 0.0017643505527 0.1910868359462 0.0165848951953 0.2929998151175 0.0075385887252 0.0060676445837 0.0019284761855 0.3654819496749
36 0.0205262604703 0.0063702187666 0.0031034399120 0.0016137887542 0.0185713785207 0.0031034399120 0.0063702187666 0.0142112603060 0.0169564760407 0.0080689437711 0.0080689437711 0.0036677017141 0.0062321110427 0.0030232476662 0.8801125705858
37 0.0162739188052 0.3305289026300 0.0024605129228 0.1363342871493 0.1873504839792 0.0297995453984 0.0106622226655 0.0279032635714 0.0644369108914 0.0063973335993 0.0277217789303 0.0481415508229 0.0413486196052 0.0007438759999 0.0698967930293
38 0.0140444551122 0.4509830586029 0.0220469936377 0.0035579286284 0.0833007099512 0.0144445820385 0.1076741558602 0.0018925152279 0.0244929869348 0.0573221834579 0.1363872640896 0.0080862014282 0.0065084060276 0.0066653701695 0.0625931888334
39 0.0318852161191 0.0073581267967 0.2664648139973 0.0060064116518 0.0214514701851 0.0115507916381 0.0564123054415 0.0009915206322 0.2222012106583 0.0196761761008 0.0403879404175 0.1360386338073 0.1284381970126 0.0010837551096 0.0500534304320
40 0.0277863716845 0.0349110823728 0.0065949245089 0.0142589209909 0.1605095536498 0.0065949245089 0.0420357930611 0.0027841954534 0.0582677426293 0.3691075117263 0.0712946049545 0.0201003201540 0.0491952584357 0.0177344542792 0.1188243415908
41 0.1257139780918 0.0203670690763 0.0030793711866 0.0923400773157 0.0184273482119 0.0065008947273 0.0133439418086 0.0008517409665 0.0342301115961 0.3193650072866 0.0080063650852 0.1653840060524 0.1591509157176 0.0050686290591 0.0281705438182
42 0.1100952619255 0.3119814390505 0.1533023548760 0.0640329117527 0.0021919070659 0.0051144498205 0.1881579170805 0.0075809929963 0.0242380448015 0.0576228013110 0.0542131680973 0.0013948499510 0.0011226841069 0.0138367673438 0.0051144498205
43 0.2464196100058 0.0793554676290 0.0183128002221 0.0095226561155 0.0340094861267 0.0793554676290 0.0793554676290 0.0163213373138 0.1000568939670 0.1005169256634 0.1005169256634 0.0216424002624 0.0174194928942 0.0178396012499 0.0793554676290
44 0.0443901247417 0.4882913721583 0.0493515456530 0.1756027806447 0.0195663431401 0.0105357232293 0.0557722080088 0.0013803803111 0.0178649219975 0.0129755749245 0.0129755749245 0.0714311952914 0.0100217855108 0.0082145112571 0.0216259582075
45 0.0493136225162 0.0493136225162 0.0240245853284 0.0124927843708 0.0446170870384 0.0240245853284 0.0493136225162 0.2576821362527 0.0860010518277 0.0624639218538 0.0624639218538 0.0283926917517 0.0228526543368 0.0072632467272 0.2197804657819
46 0.0068888861909 0.0032631566167 0.0899087966963 0.0026637026605 0.0095132237874 0.0015897429671 0.0068888861909 0.0004397161398 0.4489756695703 0.1189481015624 0.1878369634711 0.0248417411125 0.0015121945297 0.0132971524149 0.0834320660894
47 0.0557325604894 0.0216105846795 0.0160694091207 0.0054746814522 0.2253675259439 0.0326929357973 0.3514563508411 0.0044447301823 0.0742276604211 0.0273734072608 0.0273734072608 0.0320884439181 0.0996195244984 0.0048581934551 0.0216105846795
48 0.0593670819820 0.1181711463266 0.0289224245553 0.0180507625033 0.1493664939364 0.0743327644788 0.2070028179962 0.0226675603699 0.0624786383932 0.0086371076069 0.1385899193076 0.0309394305019 0.0199741568847 0.0180500253915 0.0434496697658
49 0.0254255786071 0.0033163798183 0.0016156722192 0.0297786341908 0.0063344609228 0.1075319621432 0.0033163798183 0.0059088532460 0.0057836382339 0.2329081263516 0.2935855941386 0.2480138456048 0.0083673431188 0.0211122853033 0.0070012462831
50 0.0284036732302 0.0284036732302 0.0138376869583 0.0071955972183 0.0256985614940 0.5980955807530 0.0284036732302 0.0123328793931 0.0234639039728 0.0759535261933 0.0359779860916 0.0163536300416 0.0277878754366 0.0181284426043 0.0599633101526
51 0.3224844051415 0.0121437642103 0.1702548822767 0.1671521678198 0.0109872152379 0.0059161928204 0.0526229782448 0.0143639007721 0.0992034071483 0.0153821013331 0.0324733250366 0.0069918642423 0.0056275980487 0.0017886164341 0.0826075812334
52 0.0957928287735 0.0456769990714 0.0473658841749 0.0159244242113 0.1669913993517 0.0006278246798 0.0027205736124 0.0001736536348 0.0010645722831 0.0360929432579 0.3553069137796 0.0007419746216 0.0390833623830 0.0113673579619 0.1810692882032
53 0.0958067693811 0.1258372026552 0.0532822848771 0.0225531782968 0.0840529223791 0.0004247480637 0.1849293455495 0.0056000471658 0.0487352234804 0.0857707923256 0.0023313949273 0.0311782240278 0.0017507907991 0.0002710924334 0.2574759836383
54 0.2360947947902 0.0071065322847 0.3381373096468 0.0018003215121 0.0207179856553 0.1342547452409 0.0071065322847 0.0030856574380 0.0580538458616 0.0090016075606 0.0190033937390 0.1404796331421 0.0032932710587 0.0068616905177 0.0150026792676
55 0.0027511017463 0.0027511017463 0.0221890855947 0.0463856132955 0.3177740858365 0.0579298946062 0.0669434758262 0.0349708607323 0.1361064395347 0.1932088567148 0.0964108323086 0.0015839676721 0.0012749008093 0.0139119021123 0.0058078814644
56 0.0402452827437 0.1102370788198 0.0110820343787 0.0013298441254 0.0047494433052 0.1503178509318 0.0052493847057 0.0627981948127 0.0091547240520 0.0362013123038 0.3021701373929 0.1440664469233 0.0673030868366 0.0316997727577 0.0233954059106
57 0.0065856352065 0.1163462219812 0.0067732601411 0.0461579854250 0.1847113874581 0.2099710643754 0.0651246148197 0.0008874260207 0.0235746651594 0.1195658658599 0.0176104763670 0.0037917293613 0.1556458662215 0.0139030076581 0.0293507939449
58 0.0298048137105 0.0960377330670 0.0145202938589 0.0075505528066 0.0269662600237 0.0145202938589 0.0298048137105 0.0174037564692 0.1614067447798 0.0377527640332 0.0377527640332 0.1315626625401 0.0138119868414 0.0385331829280 0.3425713773387
59 0.0392066879491 0.0497319733046 0.0152549167876 0.0099323609471 0.2092652270496 0.1037077956403 0.0023681892050 0.0251393828056 0.1128150422721 0.0063327133555 0.0096657203848 0.0013635028756 0.0571895230504 0.0197267509056 0.3383002134671
60 0.1539284382273 0.0081466304354 0.0060577508366 0.0237881608714 0.0112501086965 0.0060577508366 0.0038589302063 0.0039866489365 0.0527759971686 0.2818734130658 0.2329936304532 0.0071591600796 0.1229942497446 0.0769825000061 0.0081466304354
61 0.3818928240469 0.0093144591231 0.1759663203568 0.0600403135475 0.0084273677780 0.0448739326984 0.1956036415850 0.0012551398818 0.0418925673604 0.0117983148893 0.0117983148893 0.0053628704042 0.0043164566668 0.0059448873473 0.0415125894252
62 0.0180548018413 0.0465623836960 0.0041664927326 0.1851219015461 0.0163352969040 0.0041664927326 0.0465623836960 0.0651765541647 0.0070649224596 0.0108328811048 0.2756366414438 0.0651067096701 0.0656137920574 0.0110568166315 0.1785419293195
63 0.0166974369226 0.0166974369226 0.1979431197571 0.0042300173537 0.0486787711340 0.0081346487571 0.5176205445991 0.0072500297434 0.0137935348491 0.0681502795876 0.0211500867686 0.0096136758039 0.0077378366226 0.0270524365644 0.0352501446143
64 0.3218078180835 0.0078489711728 0.0038238577508 0.0837339872816 0.0386634505918 0.0038238577508 0.1125019201430 0.0445393549370 0.0064839327079 0.1645958325193 0.0099420301522 0.0045191046146 0.0117202794477 0.0037250500570 0.1822705527898
65 0.0155487430452 0.0155487430452 0.0075750286630 0.1396161949582 0.0140679103742 0.0075750286630 0.0328251242065 0.0020952206940 0.0128446138199 0.0415784906615 0.0196950745239 0.6356137687255 0.0152116429250 0.0073792914883 0.0328251242065
66 0.0326671344840 0.0042609305849 0.0043823246186 0.0034781818552 0.0038551276720 0.0066888112600 0.0042609305849 0.0095056694135 0.0230748946166 0.4851464001490 0.0353815050789 0.3486359398756 0.0041685526860 0.0055087483272 0.0289848487934
67 0.0143264957553 0.0143264957553 0.0069795748552 0.0036293789247 0.0129620675882 0.0069795748552 0.0302448243724 0.0019305207046 0.0118349312762 0.1996158408578 0.3810847870922 0.0082485884652 0.0066391077891 0.0021101040260 0.2990877076826
68 0.0053693701744 0.0590630719184 0.0260207939221 0.0543380261649 0.0074148445266 0.0218905091726 0.0223252759883 0.0190022391278 0.1048194438394 0.1786210478017 0.3790775343127 0.0030914555550 0.1072564432399 0.0003746072215 0.0113353370348
69 0.3345028513017 0.0071850254456 0.0073897270253 0.0099100128739 0.0065007373079 0.1046229773577 0.2466858736330 0.0009681949182 0.0191253575871 0.1203358706115 0.0091010322311 0.0179262756067 0.0995194174866 0.0010582595618 0.0151683870519
70 0.0125492761231 0.2217038781750 0.6242817959706 0.0031791499512 0.0113541069685 0.0061137499061 0.0125492761231 0.0016910372081 0.0334041118060 0.0158957497559 0.0158957497559 0.0072253407982 0.0058155182034 0.0018483429949 0.0264929162599
71 0.0870163348480 0.0113499567193 0.0055294660940 0.0092649276331 0.2384691964674 0.0178171685252 0.0113499567193 0.0015294267920 0.0718830592222 0.0303506250049 0.0143766118444 0.0065348235657 0.0695453987597 0.0016716990517 0.4233113487531
72 0.0107872638817 0.0051097565755 0.0135532289796 0.0041710753676 0.0200334900660 0.0052553336860 0.1981450049851 0.0029837112864 0.1402344304622 0.1143449971461 0.3876223488161 0.0029419810586 0.0339404156278 0.0500896981794 0.0107872638817
73 0.0165358141243 0.2370133357810 0.1333700563697 0.0041890729115 0.0315842798881 0.0170069199398 0.0716551945385 0.0344137786463 0.0136600203635 0.0209453645574 0.0442179918434 0.0200990872015 0.0076629382527 0.0024355075067 0.3452106380756
74 0.0375259134079 0.0052069449226 0.0112840159199 0.0463501888033 0.0388255121407 0.0305280740778 0.0105934396702 0.0002177519153 0.0087511023362 0.0065954635687 0.0111440591333 0.0588216108240 0.0282068395683 0.0012958208294 0.7046532628824
75 0.2916836055409 0.2368787527253 0.0827693802779 0.0060163549535 0.0269964645351 0.0709028024603 0.0054804852816 0.0032001888051 0.0045273574065 0.0146552236048 0.1072145305823 0.0031554309197 0.1323485212574 0.0026009882775 0.0115699133722
76 0.0965103808320 0.2293228315182 0.2325012491414 0.0020187492504 0.0392534576473 0.0470178778412 0.0079687470412 0.0499914855751 0.0650973490175 0.0886006615467 0.0100937462522 0.0045880664783 0.0816526627715 0.0285598246669 0.0168229104203
77 0.0283248664371 0.1542131617131 0.0137992939053 0.0071756328307 0.0256272601098 0.0137992939053 0.0283248664371 0.0038168259738 0.0233988027089 0.0358781641537 0.5541183130398 0.0344285413596 0.0131261576172 0.0041718795528 0.0597969402561
78 0.1379849229368 0.0550755271808 0.0277933755858 0.0004500795770 0.0105375773971 0.0624148815059 0.1399589561690 0.0241798070601 0.0976803139854 0.0022503978848 0.1097694079366 0.0055691664826 0.0264376011670 0.0002616741727 0.2996363109584
79 0.0068443212423 0.1797534894678 0.0033344129129 0.0053841993772 0.3027797349553 0.0015794587482 0.1365261974114 0.0004368715687 0.1782499314832 0.1318672559342 0.0086694735735 0.0226070004669 0.0065104519134 0.0010080783225 0.0144491226226
80 0.0108038455325 0.0108038455325 0.0052634119261 0.0027369742016 0.0097749078628 0.0871387085543 0.0348123911603 0.0014558373413 0.5047535755798 0.0136848710079 0.2417660544722 0.0200434979408 0.0272584829018 0.0068954776396 0.0228081183464
81 0.1142788229614 0.0103889839056 0.0500506318642 0.0143291022461 0.1242830296853 0.0050612998514 0.0103889839056 0.0013999340015 0.3232630209462 0.2178608402719 0.0424024454220 0.0259199901483 0.0369104550141 0.0015301604202 0.0219322993562
82 0.5375368715461 0.0301274352784 0.1073772693256 0.0036152922334 0.0272581557281 0.0069524850642 0.0142708903950 0.0040597253212 0.0117889964133 0.0381614180193 0.1185012454284 0.0264756249416 0.0066133394514 0.0371338155757 0.0301274352784
83 0.0090284261241 0.0190600107064 0.0043984640092 0.0099112055673 0.2623020521022 0.0092856462416 0.0692179336179 0.0012165964281 0.0488930709425 0.0114360064238 0.3926362205517 0.0109739455582 0.0041839047892 0.0013297681888 0.1461267487490
84 0.0688567457997 0.0158900182615 0.0421470284941 0.0084982171739 0.0303507756211 0.2657843225445 0.0158900182615 0.0259324096292 0.2027320687370 0.0424910858696 0.0201273564645 0.0091487983930 0.0073636669992 0.0621503642768 0.1826371234745
85 0.0190687136751 0.0052508052149 0.0187144083300 0.0545383634986 0.0847629984688 0.1977803297605 0.1434298898170 0.0003351577797 0.0910900556842 0.0066510199388 0.0031504831289 0.0650781616026 0.0011526157789 0.0003663352475 0.3086306620746
86 0.3463308223407 0.1528048680642 0.0017677851593 0.0039834092255 0.0069308402276 0.0606939571345 0.0036286116427 0.0064651622727 0.0396342556720 0.3467608800169 0.0045962414141 0.0090532027853 0.0091551150118 0.0005344466761 0.0076604023568
87 0.3434274869123 0.0400581597716 0.1134186132961 0.0029297767063 0.0650556007767 0.0889221525410 0.0082127607900 0.0126252326459 0.0164765325166 0.1526456124519 0.1335383730629 0.0076235955138 0.0045826305852 0.0002221772022 0.0102612952274
88 0.0663895819024 0.0341616295226 0.0302502028235 0.0162743997751 0.3497090921566 0.0731657154796 0.1222513660273 0.0266067270214 0.0459692039597 0.0024493243809 0.0078922674494 0.0852315403240 0.0008960942857 0.0031328567662 0.1356199981256
89 0.0197807832423 0.0197807832423 0.0310518848048 0.1386413118802 0.0377823425950 0.1274198031645 0.0197807832423 0.0026654956142 0.1434345683412 0.0250556587735 0.2477726256494 0.1126239207497 0.0295371587168 0.0029134486946 0.0417594312892
90 0.0208182711131 0.0208182711131 0.0214113842503 0.0052739620153 0.0188355786262 0.4721773684661 0.2290009822444 0.0028052989443 0.0171977022239 0.0263698100766 0.0263698100766 0.0119862773076 0.0310863614724 0.0030662569857 0.0927826650844
91 0.0111715090074 0.0484098723652 0.0054425300292 0.0059746885210 0.0774912608923 0.0114897856173 0.6690492616627 0.0015053806464 0.0194826799597 0.0298734426049 0.0298734426049 0.0278723507557 0.0109293082701 0.0016454160553 0.0497890710081
92 0.0147177834811 0.2449190122880 0.0825492510699 0.1108035247991 0.0030729438037 0.0053316888219 0.0033964115726 0.0024917723988 0.0028057312991 0.2002876483642 0.2433088616166 0.0454112806554 0.0050716064403 0.0127284984946 0.0231039848948
93 0.0547221158433 0.0126281805792 0.0061521905386 0.0067537380579 0.3161054091021 0.3069259502032 0.0126281805792 0.0017016697234 0.0567963097549 0.0337686902896 0.0159956954003 0.0072707706365 0.1358983877509 0.0059932192068 0.0266594923339
94 0.0229311929281 0.0387458087406 0.0381375542863 0.0398633749247 0.0994438103829 0.0073193286004 0.0150238850219 0.0052210664260 0.0058789115303 0.0490780244048 0.0190302543610 0.0223081929113 0.0032979259804 0.0010481780248 0.6326724914766
95 0.2114325579873 0.0894964799315 0.0379966269355 0.0005245552037 0.0330969354723 0.0032504489119 0.0319794619807 0.0247706623975 0.0093127554282 0.0609066875421 0.4805508505114 0.0025168052703 0.0094889051078 0.0003049739556 0.0043712933643
96 0.0055305731789 0.0055305731789 0.0026943818051 0.0014010785387 0.0050038519238 0.0026943818051 0.0055305731789 0.0007452545418 0.0045687343652 0.0070053926933 0.0070053926933 0.0031842694061 0.0025629485463 0.0008145805457 0.9457280135986
97 0.2713408840459 0.0528113130022 0.0079847343266 0.0087654639052 0.0148287923208 0.0079847343266 0.0163897178283 0.0022085435371 0.0135393321190 0.0207603092492 0.1130283503565 0.1771965789448 0.0075952350912 0.0587404098910 0.2268256010556
98 0.0109783566799 0.0071927164454 0.0016598576413 0.0814215501622 0.0955603756321 0.0016598576413 0.1548326855884 0.0004591095603 0.0028145412178 0.0234962070551 0.0091107741642 0.0019616499397 0.0015788889758 0.0166714900557 0.5906019392410
99 0.0044397118109 0.2313583154790 0.0093727249341 0.0486131999916 0.3253674512843 0.0021629365233 0.0044397118109 0.0012629913032 0.2359481624719 0.0806054344334 0.0181206015393 0.0053964173863 0.0020574274246 0.0006539110419 0.0302010025655
100 0.5766495183238 0.0040897128959 0.0174890571418 0.0010360606003 0.1270407640842 0.0197028618433 0.0086338383358 0.0201456227836 0.0709476280639 0.0512274407925 0.0051803030015 0.0677625493629 0.0018952328054 0.0099724179228 0.0182269920423
101 0.0050517737957 0.0242136744000 0.0304669752965 0.0123123921338 0.0014184783564 0.0474402205871 0.0259556653640 0.0595995646069 0.0746859691143 0.1189315297509 0.1873337082717 0.0009026680450 0.0628858738015 0.0071583675196 0.3416431389565
102 0.1562779584705 0.0241631103753 0.0177000020846 0.0202135717586 0.0092794952829 0.1701402114252 0.1006506540094 0.0006793139352 0.0127806755223 0.1164812577373 0.0438180912849 0.0819712580227 0.0313369975055 0.0020226885658 0.2124847140198
103 0.0023675456026 0.1219909023662 0.0187582459284 0.0444782900544 0.1193919425317 0.0600385282303 0.0522106109208 0.0004869420034 0.0678353283531 0.1213761712272 0.3234067293168 0.0178642077288 0.0426735658617 0.0047534442719 0.0023675456026
104 0.0262969045602 0.0262969045602 0.3259767286081 0.0066618824886 0.0237924374592 0.0128113124780 0.0262969045602 0.0074808373099 0.0217235298541 0.0333094124429 0.0703198707128 0.0151406420195 0.3100754247736 0.0383015207677 0.0555156874049
105 0.4133971110975 0.0723002211437 0.0003376024089 0.0321652570629 0.0048068152502 0.0697336531230 0.0030028845842 0.0069412013003 0.0501853319982 0.1539992143793 0.0379390084823 0.0575867866540 0.0524162048973 0.0112159022505 0.0339728053676
106 0.0129650238484 0.0129650238484 0.0063162936697 0.0799221692342 0.0117302596723 0.0133343977472 0.0561817700096 0.0056294153983 0.0107102370921 0.0711635753455 0.5273403403806 0.0074647107006 0.1528748475996 0.0040313295515 0.0273706059021
107 0.0029294586874 0.0517537701446 0.1853738088505 0.0634108457512 0.0379899642481 0.0045986659167 0.0029294586874 0.0030264147669 0.2686186248605 0.0160794732399 0.0119565313835 0.0110569804330 0.0028659473880 0.0013902943469 0.3360197612953
108 0.1849958905964 0.0679098838898 0.0102675421266 0.0053391219058 0.0402552842106 0.0330843024079 0.0210754812072 0.0028399584605 0.0367548247140 0.0563573978948 0.3233134931858 0.0121343679678 0.0097666864131 0.0031041406429 0.1928016243769
109 0.0346946435656 0.0346946435656 0.0169025186602 0.0087893097033 0.0662686049057 0.0169025186602 0.0346946435656 0.0046751647358 0.0286607925107 0.0439465485164 0.4345825353290 0.0199757038711 0.1768580611026 0.0051100637810 0.0732442475274
110 0.1101283695700 0.0090931681296 0.1865524321980 0.0023036025928 0.3373132368089 0.0585745103735 0.0191966882737 0.0025867877816 0.0408972924091 0.0755069738765 0.0115180129642 0.0575900648210 0.0042139071820 0.0013393038330 0.0831856491859
111 0.0187664742873 0.0187664742873 0.3138973519674 0.0047541734861 0.0169791910218 0.0091426413194 0.4775025124204 0.0025288156841 0.0155027396286 0.0237708674305 0.0237708674305 0.0108049397412 0.0183596130561 0.0058352258550 0.0396181123842
112 0.0119979177615 0.4211576773212 0.0013488783282 0.0007014167307 0.0025050597524 0.0013488783282 0.0458381986274 0.0003730940057 0.0099113233682 0.0113006028831 0.0580617182613 0.0051366376741 0.0084112981930 0.0004078004248 0.4214994983401
113 0.1147114413852 0.0210694484177 0.2839873517495 0.0053375935991 0.0190628342827 0.0102646030753 0.0678904449014 0.0059937516775 0.1141007327354 0.0266879679957 0.0266879679957 0.2143124702688 0.0423101931640 0.0031032520925 0.0444799466596
114 0.0547368153330 0.1529823813154 0.0198290501305 0.0067555522514 0.0114285658388 0.0471794641036 0.0126315727692 0.0017021268271 0.0104347775050 0.2293332211646 0.0159999921743 0.3709089094946 0.0058536556735 0.0039276466578 0.0562962687613
115 0.3717501474732 0.0076213014288 0.0119639233256 0.0963219592436 0.0298803405226 0.0078384325237 0.0076213014288 0.0010269838805 0.0062958577021 0.1490952375819 0.1598215136669 0.0726461425759 0.0035318226134 0.0584956219056 0.0160894141275
116 0.0228310128641 0.0989343890777 0.0234814690710 0.0250633785663 0.3190301850478 0.0111228011389 0.0228310128641 0.0030765194640 0.0398164040770 0.0289192829612 0.0931843562082 0.0131451286187 0.1398940923731 0.0033627073211 0.1553072603470
117 0.0356327322568 0.0479198813108 0.0233455832027 0.0090269588384 0.5658524690563 0.0053874422775 0.1462170737433 0.0014901436087 0.0192854817762 0.0140073499216 0.0295710720568 0.0063669772371 0.0449829530004 0.0016287616188 0.0492851200946
118 0.0734975273009 0.0044394479578 0.0021628079794 0.0011246601493 0.0263313288924 0.0045659279566 0.0389684876293 0.0005982234837 0.0118170812789 0.1118412037362 0.0993449798551 0.0224364019684 0.0203444620504 0.0108252171994 0.5717022425622
119 0.0035715868122 0.0115084463948 0.0094733541941 0.0461449016135 0.0068219197841 0.0365400804631 0.4559725830225 0.0052940542110 0.0029504412796 0.0045240099621 0.2256978303316 0.0089109287132 0.0237234668744 0.0005260476700 0.1583403486736
120 0.0181449736395 0.0383060554611 0.2838576930321 0.0045967266553 0.2353086264038 0.1561708414952 0.0181449736395 0.0024450673699 0.0482989394944 0.0995957441988 0.0229836332766 0.0104471060348 0.0177515866771 0.0056419771609 0.0383060554611
121 0.0100717660051 0.5360417684939 0.0267145702301 0.0025515140546 0.0394877175121 0.0049067577974 0.0212626171219 0.0586606954639 0.0083201545260 0.0127575702731 0.1261581949232 0.0057988955787 0.0772714622234 0.0014834384039 0.0685128773928
122 0.0095972446706 0.0196996074817 0.0046755807369 0.0740907288568 0.2417591633681 0.0071364127038 0.1257744169985 0.0006125900854 0.0037554435667 0.0185546730298 0.0057583468023 0.0055256863255 0.0021067122448 0.0021575201197 0.4787958730095
123 0.1688518387180 0.1005302854795 0.0775061723002 0.0131047245926 0.0880124135936 0.0141064403573 0.0322087322410 0.0003945621616 0.0185444215933 0.2386048911672 0.0655236229630 0.0578810734579 0.0013569088971 0.0004312656184 0.1229426468593
124 0.0298133912376 0.0298133912376 0.1597691991966 0.0075527257802 0.0869162887404 0.0145244726542 0.0298133912376 0.2852359204225 0.0793583505891 0.0797232165688 0.0377636289010 0.0171652858641 0.0752202364288 0.0043911196397 0.0629393815017
125 0.1173024684944 0.0027855467452 0.0194512110331 0.0312847850011 0.0725273837744 0.0028649070514 0.0058805986844 0.0016265485723 0.0023011038330 0.3289214864149 0.0035283592106 0.0782297824987 0.0715711888664 0.0140860852208 0.2476385445992
126 0.0073683045779 0.0073683045779 0.0035896868457 0.0018666371597 0.0511103031835 0.0913375875174 0.0728643452707 0.0009928921062 0.0128500384185 0.0093331857987 0.5174733015068 0.0136698175840 0.0034145801703 0.0010852541626 0.2056757611199
127 0.2190871563212 0.0944034088213 0.0112809104881 0.0013537092586 0.0263221244722 0.0141734516389 0.0053435891786 0.0007200581163 0.0044142693214 0.0142891532849 0.0067685462929 0.0030766119513 0.0602565706559 0.0007870402666 0.5377233999320
128 0.0061706784349 0.0130269878069 0.0030062279554 0.0276172141507 0.0055829947744 0.2969485169322 0.1227279377600 0.0008315098600 0.0107614247101 0.2336173146709 0.2509866317468 0.0035528148564 0.0092142108878 0.0029285476465 0.0130269878069
129 0.1122577030349 0.0259056237773 0.0126206885069 0.0065627580236 0.0234384215128 0.1107815991160 0.0259056237773 0.0034908287359 0.0214002979030 0.3244919244993 0.0328137901179 0.0149153591445 0.1053776186713 0.0038155569905 0.1762222061888
130 0.0671549259367 0.0154972906008 0.0159388088515 0.0475479834581 0.4969792504300 0.0075499620876 0.0843741377153 0.0020882873859 0.0128021096267 0.0414409030139 0.0632519046002 0.0089226824671 0.0710187490675 0.0327165023794 0.0327165023794
131 0.0871610081415 0.0270499680439 0.0131781895599 0.1667480252308 0.0244737806112 0.3060268464457 0.0270499680439 0.0036450311549 0.0223456257754 0.0342632928556 0.0342632928556 0.1713164642782 0.0125353510447 0.0128376678658 0.0571054880927
132 0.0218234350946 0.2400577860410 0.0933247181682 0.0055286035573 0.0197450127047 0.0578849517752 0.1188164799597 0.0029407465730 0.0380592273873 0.0276430177865 0.1812153388229 0.0823706085559 0.0101132991902 0.0032143043938 0.0972624699897
133 0.4615543164510 0.0327880115512 0.0364526808238 0.0061764767059 0.0448783405969 0.0077820329849 0.0075664642041 0.0032853599499 0.0201406849105 0.2438643389045 0.0521805790669 0.0043564490872 0.0074024216197 0.0023527076466 0.0692191354969
134 0.0303528466877 0.0463280291549 0.0070045030818 0.0036423416025 0.0274620993841 0.1393117835153 0.3658316784991 0.0191588890440 0.1174523197915 0.0384469391378 0.0789174013880 0.0082780490966 0.0288722200200 0.0585880529088 0.0303528466877
135 0.0145018338443 0.0033465770410 0.0034419211162 0.0064997962974 0.0030278554180 0.0251803702714 0.1334912397460 0.0184892447867 0.0058363010232 0.0042389975852 0.2397388634324 0.0169131721836 0.1566361302842 0.0004929066960 0.3681647902744
136 0.7396027710559 0.0114964161304 0.0056008181148 0.0190925666403 0.0335160068140 0.0056008181148 0.0114964161304 0.0032704540765 0.0094970394121 0.0307422683191 0.0145621270985 0.0066191486811 0.0290058629198 0.0016932705929 0.0782040158994
137 0.0165741425275 0.0080745822570 0.0039337708431 0.0117350595468 0.0034605352530 0.1985519072935 0.0080745822570 0.0010880642758 0.0066703070819 0.0102278041922 0.0640583525721 0.0022021587974 0.0017724692759 0.0005633429482 0.6630129208788
138 0.6292652571899 0.0247309489725 0.0254355344133 0.0062651737397 0.0223756204990 0.0120484110379 0.0247309489725 0.0070353605824 0.0204299143686 0.0313258686985 0.0313258686985 0.0142390312266 0.0369288696040 0.0036425428719 0.1102206491245
139 0.3922218600142 0.0213530525509 0.0049276275118 0.0025623663061 0.0498237892855 0.0323033359104 0.2124066806381 0.0013629608011 0.0083555423025 0.0128118315306 0.0270471998978 0.0122941817717 0.1400968569804 0.0610796619480 0.0213530525509
140 0.4272432192484 0.0124439772597 0.1205754035901 0.0031524742391 0.2114159311152 0.0060624504598 0.0400972600589 0.0072663413313 0.0102798073015 0.0332761169684 0.0157623711956 0.0151255077129 0.0121741891348 0.0588543317251 0.0262706186593
141 0.0087285800418 0.0475222691165 0.0042523851486 0.0022112402773 0.0078972867045 0.0042523851486 0.6488244497743 0.0011761916368 0.0072105661215 0.0233408695933 0.0110562013863 0.0050255460847 0.0040449517267 0.0012856048124 0.2231714724269
142 0.0220274704249 0.0220274704249 0.0226550336848 0.0055802925076 0.1085056876484 0.0226550336848 0.5115268131997 0.0029682406955 0.0181966060032 0.0279014625382 0.0279014625382 0.1254156649443 0.0328919680328 0.0032443561091 0.0465024375636
143 0.0006975487598 0.2146125017635 0.0003398314471 0.0380716946068 0.0525228380986 0.0003398314471 0.0913788875331 0.0001984358568 0.0799687421192 0.0018652970540 0.2669338257759 0.0004016189829 0.0430646566311 0.0003310502727 0.2092732396514
144 0.3460110118496 0.4444214247762 0.0324098293238 0.0018947284835 0.0032053677353 0.0209033810432 0.0035427748654 0.0010078342998 0.0029266401062 0.0443765355357 0.0294181527708 0.0020397794679 0.0271804759995 0.0248726597136 0.0157894040295
145 0.0275138482678 0.0130328754953 0.0063493496003 0.1060200286585 0.0117916492576 0.1474460073837 0.0130328754953 0.0017562030809 0.0227288311777 0.0165083089607 0.0715360054962 0.0075037768003 0.0127503199290 0.0253809918129 0.5166489285838
146 0.3081934139584 0.2131819568614 0.0257474958255 0.0013539132636 0.0048354045130 0.0054966564122 0.1359851479701 0.0007201666296 0.0044149345553 0.1271174119744 0.0293347873787 0.0030770755992 0.0850323574111 0.0191541992723 0.0363550783753
147 0.0179528214167 0.0085039680395 0.0041429587885 0.0165165957034 0.0418899166390 0.0041429587885 0.3203161294879 0.0011459247713 0.0304417406631 0.0107716928500 0.3578595735734 0.1409024468767 0.0039408632378 0.0235195877475 0.0179528214167
148 0.0169586029739 0.0358014951671 0.2377586473915 0.0806727024431 0.4415517737272 0.0174417540558 0.0169586029739 0.0073634280840 0.0140092807175 0.0214808971002 0.0453485605450 0.0097640441365 0.0165909367847 0.0024977787326 0.0358014951671
149 0.0156208220378 0.0156208220378 0.2274587505281 0.0039572749163 0.0455400684807 0.2359144661611 0.0329772909688 0.0044437484284 0.0415800625258 0.3055895629772 0.0197863745813 0.0089938066278 0.0072389175297 0.0023007412304 0.0329772909688
150 0.1308411631140 0.0149059552915 0.0153306263824 0.0037761753405 0.0134863405018 0.0072618756548 0.1308411631140 0.0020086039045 0.0123136152408 0.0608383804859 0.0188808767025 0.4090856618879 0.0069076378180 0.0021954507794 0.1713264737821
151 0.3803007111535 0.0677247841780 0.0329941256252 0.0127577285751 0.0141403395537 0.0499141900484 0.0156287963488 0.0021060080186 0.0129107448099 0.0197964753751 0.0417925591252 0.0089983978978 0.0072426129421 0.0074172840553 0.3262752422935
152 0.1883673295434 0.0160050672161 0.0517823377846 0.0612351135779 0.0070547365873 0.1297557421708 0.1514325590447 0.0010507054492 0.0403427613998 0.0930482625675 0.1242376243219 0.0021265473923 0.0796850157019 0.0374151452054 0.0164610520371
153 0.0104401674521 0.3816461213057 0.0220403535101 0.0202771252292 0.1143999301236 0.0107376081203 0.0104401674521 0.0014068310751 0.0182072485518 0.0426113501194 0.1307727641597 0.0126899005058 0.0048381263803 0.0015376990821 0.2179546069328
154 0.0196757237299 0.0196757237299 0.1373937289519 0.0049845166783 0.0573615014561 0.0095856089966 0.0196757237299 0.0792455665751 0.0162538587334 0.1910731393331 0.0249225833913 0.0113284469960 0.0091180183139 0.0350976949567 0.3646081644278
155 0.0085579794815 0.0846289082056 0.0319644190889 0.0527551890702 0.1281885709632 0.2357954973370 0.0180668455720 0.0024345394742 0.0227799357212 0.0951520533458 0.0108401073432 0.2841422076322 0.0039658929304 0.0026610082625 0.0180668455720
156 0.4283231788274 0.0031885100161 0.0032793507573 0.0394005363617 0.0830193533818 0.0757702622341 0.0102740878296 0.0013844515515 0.0728736274691 0.0893018990431 0.1611024208868 0.0018358087971 0.0014776022026 0.0145583906936 0.0142105199482
157 0.0066297879970 0.0139962191048 0.0032298967165 0.0035457088399 0.5725120100477 0.0032298967165 0.1097598235059 0.0098271325629 0.0115620940431 0.0083977314629 0.0177285441994 0.0038171506649 0.0030723407791 0.0009764804027 0.2317151829568
158 0.4009066827033 0.0038839183470 0.0081993831769 0.0009839259812 0.0035140213615 0.0439402842045 0.1462942577356 0.0005233648836 0.0531177431896 0.2618336361164 0.0049196299062 0.0022361954119 0.0237982097086 0.0012076610881 0.0446410861855
159 0.0127177219908 0.0039468792385 0.0019228386034 0.0032218229043 0.0075387481752 0.0061958132776 0.1091969922659 0.0253514678276 0.0322423806394 0.0049993803688 0.5827055563189 0.0047973852024 0.0018290415983 0.0005813232987 0.2027526482902
160 0.0400395613058 0.0632509011932 0.0732198740936 0.0057332009522 0.0047251656199 0.0223334751096 0.0806594061088 0.0014856903722 0.0043142816530 0.6313871305045 0.0066152318679 0.0063479497722 0.0104875627174 0.0383751822829 0.0110253864465
161 0.0418199329816 0.0034530219893 0.0671027435586 0.0018467273158 0.0794925855846 0.0016822414820 0.2950415455310 0.0009823017637 0.0282080202122 0.3008221601205 0.0043738278531 0.0064061115021 0.0140460325365 0.0016387727098 0.1530839748594
162 0.0217526979687 0.0217526979687 0.0223724329536 0.2075690779503 0.0196810124479 0.0576973270908 0.0217526979687 0.0127019300196 0.0379358645735 0.0275534174270 0.1806279586883 0.2073464240721 0.0100805185709 0.0032038857473 0.1479720565526
163 0.0718558014431 0.3652315588142 0.0018642606656 0.0602114766964 0.0034621983789 0.0060070621446 0.2929505751141 0.0016615278272 0.1647303953330 0.0102327196532 0.0048470777305 0.0046512362060 0.0017733211209 0.0024423259882 0.0080784628841
