10959 5
0 0.0449176079388 0.0449176079388 0.0248070764019 0.8451682690384 0.0401894386821
1 0.0870712416383 0.0634402157239 0.3640602730419 0.0139271156943 0.4715011539016
2 0.0919644091334 0.8778112938088 0.0196873686567 0.0030106498209 0.0075262785802
3 0.8019730955955 0.1664250398247 0.0052659393105 0.0010375965758 0.0252983286936
4 0.0616162057222 0.0447607087162 0.5532095598456 0.0221994848697 0.3182140408464
5 0.4695451441071 0.5116744488182 0.0051359797419 0.0066583538569 0.0069860734760
6 0.1191348552340 0.0997633340578 0.2920824001501 0.4142011581554 0.0748182524027
7 0.3635208596832 0.0018494560414 0.1943181000388 0.0015618140612 0.4387497701754
8 0.5449805691590 0.0199926891299 0.4083398880555 0.0036509759493 0.0230358777063
9 0.1549568573851 0.5000775113519 0.2648846405097 0.0533466356086 0.0267343551448
10 0.1597087101998 0.5509015040863 0.0108623803990 0.0154077304704 0.2631196748446
11 0.1396398173270 0.0524395892271 0.6311055975430 0.0219481452337 0.1548668506693
12 0.2635744808661 0.2097150722600 0.1061509504189 0.3122323986411 0.1083270978138
13 0.1008931530284 0.4032700572361 0.0542881576437 0.0009491105066 0.4405995215851
14 0.5408521540027 0.3743375772819 0.0204508287314 0.0245341419283 0.0398252980558
15 0.0211177464683 0.7360212736973 0.0114830691805 0.0044666541795 0.2269112564745
16 0.0442069881582 0.4786286018928 0.0097691118505 0.1171609863435 0.3502343117549
17 0.6644348761733 0.3021931739190 0.0133788437433 0.0051587951591 0.0148343110053
18 0.0580107231287 0.3418340701784 0.0075698698890 0.1566632805636 0.4359220562402
19 0.4608274793576 0.0073921976503 0.0024213677290 0.0008978005011 0.5284611547620
20 0.1452486369579 0.2275245533176 0.2644717423689 0.0176125947402 0.3451424726154
21 0.6409801478944 0.1683778236079 0.0155309805151 0.0197166821389 0.1553943658437
22 0.8986142826143 0.0238944420587 0.0537267758416 0.0049078857633 0.0188566137221
23 0.0278721169939 0.1713764439267 0.3669280561144 0.0022245351591 0.4315988478058
24 0.0896499459009 0.3720793697413 0.1906167300994 0.3018999371507 0.0457540171078
25 0.3489097647160 0.5172708690498 0.0024507191604 0.0276811045416 0.1036875425321
26 0.8468407881617 0.0042942907218 0.0761537082691 0.0018527878521 0.0708584249952
27 0.2426799668569 0.3274212914281 0.1281041647314 0.0102692730521 0.2915253039315
28 0.4135776600629 0.3154099564627 0.0052652880038 0.2558611472530 0.0098859482177
29 0.7269949307972 0.0141529643609 0.0393145697336 0.1278747099159 0.0916628251923
30 0.0668135037815 0.9088467021242 0.0027242503594 0.0120378454560 0.0095776982788
31 0.8132345017177 0.0990395069783 0.0041567794328 0.0759027261615 0.0076664857097
32 0.0598969850550 0.3542005102385 0.2084491260498 0.3368421101520 0.0406112685048
33 0.0143622095804 0.7158731498882 0.2194864740748 0.0406565116386 0.0096216548181
34 0.0823716957899 0.0759862930154 0.0290449537009 0.7388960665240 0.0737009909699
35 0.0289804906867 0.0694183846682 0.0370559259713 0.0245366308002 0.8400085678735
36 0.0422998996521 0.8023224868968 0.0341825820597 0.0074480611816 0.1137469702098
37 0.6056103324986 0.0287654346529 0.1039149121136 0.0260171011557 0.2356922195792
38 0.9279845484072 0.0289439334666 0.0155273736384 0.0059872543170 0.0215568901708
39 0.0176983878840 0.3069852902452 0.3245818638930 0.0061078278702 0.3446266301076
40 0.0996560499669 0.2726752724266 0.0110738019993 0.0467846378707 0.5698102377365
41 0.0129919658530 0.3969444762565 0.5772195271230 0.0025184548485 0.0103255759190
42 0.5002629914061 0.4924221458561 0.0014801784226 0.0005120599848 0.0053226243304
43 0.0631224342804 0.8260410644325 0.0352616670596 0.0231600298439 0.0524148043836
44 0.0649848707540 0.0313333266351 0.0133656253008 0.0085158382423 0.8818003390677
45 0.0454823896526 0.0454823896526 0.8525682011234 0.0116616670854 0.0448053524860
46 0.2317043609501 0.0060011391743 0.0069192124799 0.0722406452013 0.6831346421944
47 0.9311362590608 0.0124228542164 0.0088050525486 0.0253192992435 0.0223165349307
48 0.3339024538461 0.2460262846773 0.2201037192685 0.0227256954166 0.1772418467915
49 0.0437451665689 0.3655554039453 0.0912108743136 0.4065235441016 0.0929650110705
50 0.0393889999618 0.5749660498015 0.0167956595209 0.1510539228848 0.2177953678310
51 0.3446729539251 0.4601291085545 0.0366880424832 0.0054338163396 0.1530760786976
52 0.1508815809361 0.1917776837454 0.1210159217416 0.0392961585468 0.4970286550301
53 0.5293457501845 0.0058532235264 0.0265522895943 0.0002751756639 0.4379735610309
54 0.0085763070062 0.8778789047337 0.1049003180480 0.0018790433523 0.0067654268598
55 0.3322409469179 0.0422517037479 0.3368189534090 0.0100918929677 0.2785965029576
56 0.1104277124977 0.6021291168338 0.0042469354377 0.2612235356271 0.0219726996036
57 0.5518190132676 0.2521431323125 0.0918562308265 0.0819347106174 0.0222469129760
58 0.7430205747169 0.0355529419512 0.1813365040878 0.0082794522352 0.0318105270089
59 0.8117580208970 0.1237999217334 0.0014035474705 0.0006271992547 0.0624113106445
60 0.5683975176839 0.4245948815146 0.0031072077830 0.0012236104184 0.0026767826000
61 0.0358456510499 0.6217564935126 0.0098553168468 0.3197908516922 0.0127516868985
62 0.0275510740619 0.0359544517714 0.0377551755662 0.0588343331945 0.8399049654061
63 0.1265122880507 0.0675639101059 0.0331262922214 0.7042312384335 0.0685662711884
64 0.6726943046043 0.2396099973130 0.0649209666351 0.0107588908744 0.0120158405732
65 0.9158175660422 0.0093964078182 0.0605725847153 0.0024092353241 0.0118042061002
66 0.0333783407985 0.5561125698591 0.0667289797301 0.0435767525874 0.3002033570250
67 0.0848594297418 0.0760504923984 0.1631081884862 0.0115561995378 0.6644256898359
68 0.1683079837832 0.4085383355277 0.0341819202203 0.0011179047543 0.3878538557146
69 0.0173131559426 0.9692264611727 0.0062440065460 0.0017196697831 0.0054967065556
70 0.0878136171955 0.7989369035931 0.0593287736986 0.0036641687869 0.0502565367259
71 0.6153455156757 0.0599889838611 0.0239516974392 0.2775096063248 0.0232041966992
72 0.3626733983940 0.0247105238230 0.5546761962388 0.0031898234095 0.0547500581347
73 0.0427854574426 0.0704882716140 0.7720433223884 0.0185655237134 0.0961174248417
74 0.0159811454493 0.1555865539716 0.2974331385299 0.0010938800549 0.5299052819943
75 0.6125985064126 0.3243227545612 0.0048143066807 0.0484406280056 0.0098238043400
76 0.7769249916509 0.0179254501033 0.0752876108377 0.1197856769823 0.0100762704259
77 0.0545375676053 0.0875906388812 0.2098274475188 0.0127005294423 0.6353438165523
78 0.8650239429278 0.0890287711874 0.0363592278843 0.0036507715283 0.0059372864721
79 0.5769391370878 0.3288145476413 0.0107093905519 0.0789693328056 0.0045675919135
80 0.0252481529548 0.1376979098121 0.5935753024769 0.1506489596068 0.0928296751495
81 0.4638547667047 0.3969976368827 0.0091540059372 0.1145601498754 0.0154334405999
82 0.0750076537824 0.5110383055276 0.0189605992868 0.3511035139579 0.0438899274454
83 0.0742678317303 0.0778995105435 0.5388773361188 0.0117979812405 0.2971573403669
84 0.3411873378458 0.6380864089404 0.0058462751451 0.0052602197414 0.0096197583273
85 0.1665842692174 0.0029028449315 0.0503122428466 0.0291931900249 0.7510074529796
86 0.0118337492826 0.9462645872798 0.0021639405947 0.0344613829499 0.0052763398931
87 0.0472366231639 0.8262594251300 0.0394152834321 0.0115302195679 0.0755584487062
88 0.4404979153347 0.0055735614254 0.2961450064501 0.0783604976631 0.1794230191266
89 0.5621644592734 0.3611109505084 0.0136398843679 0.0449551686497 0.0181295372007
90 0.0731041871386 0.1151785394486 0.0456705722878 0.7053433757199 0.0607033254051
91 0.6354656927872 0.0295527043411 0.3086590997112 0.0072666135339 0.0190558896266
92 0.0035461917244 0.3158713344216 0.2378076346224 0.0015076997114 0.4412671395203
93 0.5680676749037 0.3067313787306 0.0324198270117 0.0166573713284 0.0761237480256
94 0.0261264064056 0.0244832361914 0.6997817842163 0.0057015755514 0.2439069976353
95 0.3792808056664 0.0852679996467 0.0438048037146 0.0013923307031 0.4902540602693
96 0.0450101520394 0.0450101520394 0.0206803401262 0.8490271144966 0.0402722412984
97 0.0198229037619 0.0167495853492 0.0154621141223 0.0035427362250 0.9444226605416
98 0.1425719158184 0.0068806613458 0.0162307975547 0.0016918623176 0.8326247629635
99 0.0370674607171 0.0179924113912 0.2178972562989 0.0033496097354 0.7236932618575
100 0.1593987124440 0.8291468074169 0.0015171557605 0.0013126850658 0.0086246393128
101 0.3702689748013 0.4416432255990 0.0548324372964 0.1289620449726 0.0042933173308
102 0.0120932709155 0.8333447710375 0.0010330320620 0.0004616280909 0.1530672978942
103 0.1220192419351 0.0693211117731 0.2057461939108 0.0010434169892 0.6018700353919
104 0.3771915970099 0.0404741208694 0.2217481757285 0.2787249145586 0.0818611918336
105 0.5786863508701 0.2864316046772 0.0034521734339 0.0066065473824 0.1248233236364
106 0.0367199801631 0.0140358225334 0.1986128281118 0.0035987794596 0.7470325897321
107 0.1690901740577 0.1745191003673 0.6356618077076 0.0151615209676 0.0055673968997
108 0.3222418169530 0.3109152153026 0.0257603656454 0.2807833517341 0.0602992503650
109 0.1212914052067 0.1212914052067 0.0557284834734 0.5931648172439 0.1085238888692
110 0.6008503161487 0.0645033961103 0.0043061865271 0.0027328198830 0.3276072813308
111 0.2191021097218 0.0222727912956 0.0086468640835 0.0039805785017 0.7459976563973
112 0.0124021824562 0.0099117843726 0.2217302375891 0.0019602503272 0.7539955452549
113 0.8295381589432 0.0557656496708 0.0282817841732 0.0624161864566 0.0239982207561
114 0.0143354362960 0.9511395291300 0.0101606496940 0.0095493460640 0.0148150388159
115 0.4467966615947 0.0926896246898 0.0096601835237 0.0015830005136 0.4492705296783
116 0.3789806487344 0.0467064653941 0.0502647304885 0.0867957879020 0.4372523674811
117 0.0329961431585 0.0307816369063 0.0121079625630 0.3021526934835 0.6219615638887
118 0.5811504487741 0.3045792725246 0.0944663779599 0.0104457015771 0.0093581991643
119 0.0176670387797 0.0086171080017 0.0634377815160 0.0020067237812 0.9082713479214
120 0.0167018443704 0.8054780238821 0.0063841026744 0.0045431631458 0.1668928659272
121 0.0197498928974 0.2966663806117 0.2913850564706 0.0024091519712 0.3897895180492
122 0.1480354119757 0.0285749439514 0.6976827113395 0.0625161175843 0.0631908151490
123 0.4158132807546 0.2352066077296 0.0020436752413 0.0018700652457 0.3450663710289
124 0.8984069805021 0.0471188540281 0.0138988917932 0.0114966491520 0.0290786245246
125 0.4216207315650 0.4164903553349 0.0033737423419 0.0828033060168 0.0757118647414
126 0.0202298909240 0.2747974178617 0.0106289986841 0.0024569697766 0.6918867227536
127 0.3338384554407 0.4158745026002 0.0092678561386 0.1089843267606 0.1320348590598
128 0.5252135618326 0.3163183539815 0.0390332709642 0.0542892957550 0.0651455174668
129 0.3113312263710 0.0371794830045 0.1861816152748 0.0086582357682 0.4566494395816
130 0.0131261119184 0.3300090158067 0.0206513194064 0.0052181153371 0.6309954375313
131 0.9557135182014 0.0189265948853 0.0072344899369 0.0040371797309 0.0140882172455
132 0.0676120076568 0.1186399379639 0.7070701252883 0.0157452620571 0.0909326670340
133 0.1049380343504 0.3877051927795 0.0346041010783 0.0045781349460 0.4681745368458
134 0.4839985630947 0.1160124607018 0.1075848984706 0.2683167879835 0.0240872897494
135 0.0114362269380 0.2598595298022 0.6305127765984 0.0022809489790 0.0959105176824
136 0.0218888044144 0.7815590752658 0.0176631664965 0.1593042340842 0.0195847197392
137 0.0212717894817 0.8210652116354 0.0287858529641 0.1231499947913 0.0057271511275
138 0.8673328997343 0.0496243004886 0.0199323851869 0.0159172284586 0.0471931861316
139 0.0402231323490 0.7966350239225 0.0800838941364 0.0026891861124 0.0803687634797
140 0.5287381315472 0.0500968564860 0.0121178348182 0.1657017518516 0.2433454252970
141 0.0822622943362 0.5787699693418 0.0108359445288 0.0031271327103 0.3250046590829
142 0.5822294593379 0.1868721985833 0.1003922500147 0.0128283502051 0.1176777418590
143 0.0010291595077 0.2291437806714 0.2206767555123 0.0112775549777 0.5378727493308
144 0.0047978976553 0.9357188454039 0.0548742682495 0.0008923551491 0.0037166335422
145 0.0253920952060 0.3523838248374 0.5849266372433 0.0080402879567 0.0292571547565
146 0.5929835049222 0.0093872085125 0.0049976515504 0.0016077389081 0.3910238961069
147 0.3285655860103 0.4513507024457 0.1874412985568 0.0029883739843 0.0296540390030
148 0.0507355745665 0.7152369051725 0.2075980143091 0.0037989663261 0.0226305396258
149 0.4906400923568 0.0399057769676 0.0196541577015 0.4218009556621 0.0279990173120
150 0.2868796428317 0.0212865085559 0.1982078491943 0.0499806257824 0.4436453736357
151 0.9128523448943 0.0473640829087 0.0095262830381 0.0066002762836 0.0236570128753
152 0.1225737012260 0.8412673067607 0.0305927124865 0.0008373970316 0.0047288824951
153 0.7907700000934 0.0340591151599 0.1518390248727 0.0056085193933 0.0177233404807
154 0.1649937516290 0.6356966466665 0.1790099402531 0.0041923213867 0.0161073400647
155 0.8410537285311 0.0124757480023 0.0068136288172 0.1298984727595 0.0097584218899
156 0.5987726783049 0.2028140214440 0.0025936379703 0.0010629886759 0.1947566736049
157 0.4993740064932 0.0437438068281 0.1097629175266 0.0053726823882 0.3417465867638
158 0.0090243668967 0.7705770553732 0.0098139770665 0.1897304881416 0.0208541125220
159 0.0077682307200 0.0673735230367 0.0195070665351 0.0022641444409 0.9030870352674
160 0.6459989632417 0.3420850908243 0.0024875293895 0.0029559992964 0.0064724172482
161 0.0048897735540 0.9191428472213 0.0034833422813 0.0657006861851 0.0067833507583
162 0.8547346999065 0.0227858599479 0.0104691788950 0.0900424982735 0.0219677629771
163 0.2988118193619 0.0230617337102 0.5659340229572 0.0117793005445 0.1004131234262
164 0.0023277289659 0.9436345287541 0.0267682042052 0.0004640776287 0.0268054604462
165 0.0075296673332 0.0096020528377 0.0053639311302 0.0022360944965 0.9752682542024
166 0.0527867269860 0.0474815282940 0.0218158373243 0.0166168997389 0.8612990076568
167 0.0872296555352 0.4154557622525 0.0081140501998 0.4702073565580 0.0189931754545
168 0.5307586963722 0.0557222663581 0.2816233461880 0.0114452774032 0.1204504136785
169 0.5619944832236 0.0073075467319 0.0040335325059 0.3328020843736 0.0938623531651
170 0.9000174948839 0.0502994042176 0.0201188817884 0.0064064453747 0.0231577737353
171 0.7142876353358 0.2067981591692 0.0596088092493 0.0021133530524 0.0171920431933
172 0.5259268869390 0.4376373406248 0.0119134372167 0.0129639863031 0.0115583489164
173 0.0097743192905 0.9255024450027 0.0080033419164 0.0460201611473 0.0106997326430
174 0.0390667361998 0.1486189594056 0.7653739538941 0.0119859023218 0.0349544481788
175 0.2254604758452 0.5787384839737 0.0172307761906 0.0296131175170 0.1489571464734
176 0.0449638323708 0.0449638323708 0.0227458316634 0.8470957062105 0.0402307973844
177 0.6436173816585 0.3144013296593 0.0150863372904 0.0161201933465 0.0107747580453
178 0.1612356252006 0.1612356252006 0.0740812332003 0.4785482843020 0.1248992320964
179 0.0219308174354 0.0219308174354 0.0731805573335 0.0051071766630 0.8778506311328
180 0.4039291094612 0.0970527631751 0.0296896627708 0.3177549230790 0.1515735415140
181 0.0401998770758 0.3511800582283 0.0289250517868 0.0075952727171 0.5720997401920
182 0.3393441518954 0.0425521117761 0.1148414136352 0.0140730076128 0.4891893150805
183 0.0837899130586 0.2507020904661 0.0707076072618 0.0011142721615 0.5936861170520
184 0.5463415332173 0.0196754499049 0.3733823503243 0.0092101905394 0.0513904760142
185 0.9508025939577 0.0165441597720 0.0133503065342 0.0045002704664 0.0148026692697
186 0.0310042748961 0.2288686727644 0.6913204849483 0.0014363229203 0.0473702444709
187 0.1405773389893 0.1409873049823 0.1414415916232 0.0011361112381 0.5758576531671
188 0.8996784230285 0.0377537263820 0.0129824559699 0.0115567321302 0.0380286624894
189 0.2190876197705 0.6083952261972 0.0106009248528 0.0889013511725 0.0730148780069
190 0.1076456485226 0.0697803450222 0.0494588114834 0.5654823690857 0.2076328258861
191 0.1630837136271 0.4954912829773 0.1846517723272 0.0784998697353 0.0782733613330
192 0.3224877100998 0.2071551040119 0.3904130317133 0.0017561181854 0.0781880359896
193 0.2220520537154 0.0121588613078 0.0767442064394 0.0017242190253 0.6873206595121
194 0.8655054676174 0.0831996276099 0.0360803760145 0.0087925484212 0.0064219803370
195 0.1924686115350 0.1877627775122 0.1122150637398 0.2848189926467 0.2227345545663
196 0.3048539863726 0.5088189241443 0.0299303912307 0.0025365276684 0.1538601705841
197 0.4370832556447 0.3808353055547 0.0069946407970 0.1620126892384 0.0130741087652
198 0.7652180648619 0.2134378233315 0.0097549746938 0.0037047835742 0.0078843535386
199 0.4241052602044 0.0265959468638 0.0095918541290 0.0033076807289 0.5363992580738
200 0.0166334303103 0.0136807503735 0.4580457804915 0.0027275212384 0.5089125175864
201 0.7485164915734 0.0753258365702 0.0063932312689 0.0036024613020 0.1661619792855
202 0.0200486532163 0.6603622288052 0.0092115433696 0.2757525443909 0.0346250302180
203 0.0104704018022 0.9694262493971 0.0065924752088 0.0016642452093 0.0118466283827
204 0.0499362996546 0.8528843994541 0.0269063486399 0.0086163066549 0.0616566455966
205 0.4272333771920 0.1836712133015 0.0024968831736 0.0663131693376 0.3202853569953
206 0.0808852116302 0.0626404270519 0.0138780898909 0.5017815616126 0.3408147098144
207 0.0552768608514 0.0552768608514 0.2177570627463 0.3442112572900 0.3274779582610
208 0.0409788827926 0.0245325084277 0.0276439846589 0.0044363907105 0.9024082334103
209 0.1145989929497 0.7782732292797 0.0895876759672 0.0027166851745 0.0148234166289
210 0.3162246015419 0.0408568845249 0.1900158402290 0.4163465138662 0.0365561598380
211 0.0043345285359 0.2600487781381 0.3108383202843 0.0010628187314 0.4237155543103
212 0.7872810642985 0.0218382811335 0.1519259945743 0.0055993268217 0.0333553331720
213 0.0174620979534 0.7642688028793 0.2022937891924 0.0032992487992 0.0126760611757
214 0.0450101520394 0.0450101520394 0.0206803401262 0.8490271144966 0.0402722412984
215 0.1811284580068 0.1157120226106 0.0063561472230 0.0079666141737 0.6888367579859
216 0.8285076859408 0.0207161680156 0.1283365293376 0.0051480925022 0.0172915242038
217 0.0157456545685 0.9588944585183 0.0072344899369 0.0040371797309 0.0140882172455
218 0.3605507059722 0.0523795547972 0.0573820820609 0.4025777280562 0.1271099291134
219 0.0504037496647 0.0655754468882 0.5947624236171 0.0058493012279 0.2834090786022
220 0.7639655714723 0.0749380316981 0.0344309875370 0.0596155914575 0.0670498178351
221 0.7549617630848 0.2292155304127 0.0041012367144 0.0022694162691 0.0094520535190
222 0.5181343811531 0.0515023500946 0.0268395160206 0.3605353905722 0.0429883621595
223 0.0169781578470 0.0169781578470 0.8959440831801 0.0061302309280 0.0639693701979
224 0.0070226672209 0.5728111395497 0.0135762016495 0.0023554099674 0.4042345816125
225 0.0530210468825 0.8956081697837 0.0021651215344 0.0012354268908 0.0479702349086
226 0.0483022462337 0.3395023909917 0.0370589974013 0.5505291016788 0.0246072636945
227 0.7751519852664 0.2098130703567 0.0052256165513 0.0017620394435 0.0080472883821
228 0.0412371459600 0.0508271799042 0.8664120486711 0.0103476028357 0.0311760226291
229 0.0328633993613 0.0179738333077 0.6747819111583 0.0051763824059 0.2692044737668
230 0.1933508801024 0.0074486094957 0.0442602703238 0.0017346076908 0.7532056323874
231 0.0450101520394 0.0450101520394 0.0206803401262 0.8490271144966 0.0402722412984
232 0.1266446647341 0.7109115590717 0.1407871511875 0.0074385627862 0.0142180622205
233 0.5886750705355 0.1884427279618 0.0431631952032 0.0956643630090 0.0840546432905
234 0.0635303509904 0.0575557098315 0.7685380077494 0.0481872542424 0.0621886771863
235 0.0026365146980 0.0026365146980 0.0014560931570 0.0006139828749 0.9926568945720
236 0.9631234129847 0.0164671843959 0.0071858024534 0.0044129378986 0.0088106622674
237 0.0295685292312 0.8357895780539 0.1064363565346 0.0093627362196 0.0188427999607
238 0.0327052593446 0.0413574443564 0.0356984476730 0.0434813779922 0.8467574706338
239 0.0647792390495 0.3759458895059 0.1805301748704 0.3536875926164 0.0250571039578
240 0.7252916719104 0.0150429847664 0.0094364422520 0.2183316997749 0.0318972012963
241 0.1509637293961 0.3101397234537 0.1546081444778 0.1666660571931 0.2176223454795
242 0.0139467215482 0.8349612730654 0.0072139849858 0.1282600928940 0.0156179275067
243 0.3188780362400 0.2320325093625 0.0287923551764 0.0015021368629 0.4187949623582
244 0.3492468754412 0.2568472003331 0.0030925473740 0.0729840678923 0.3178293089594
245 0.0778933644150 0.1835778286966 0.0249982371469 0.0764778038584 0.6370527658832
246 0.0275911705761 0.1454563652702 0.3269359443242 0.0047618223635 0.4952546974660
247 0.8311588666649 0.0132717228834 0.0710849513419 0.0779513199814 0.0065331391283
248 0.0371279905385 0.0595542935483 0.1384167584868 0.7316811764182 0.0332197810081
249 0.2754935480751 0.0029888687257 0.0744094280690 0.0369755564488 0.6101325986814
250 0.2598277374273 0.0563196735043 0.2498505979012 0.3878452662652 0.0461567249020
251 0.5617812147427 0.1163683587506 0.0073814292671 0.0019597140977 0.3125092831420
252 0.7499132346777 0.0742997506101 0.0333229804549 0.0268005737235 0.1156634605339
253 0.6582995940899 0.0258507373327 0.2456896611399 0.0223006317664 0.0478593756710
254 0.1083217367113 0.4033985238862 0.0147821379172 0.4038314248731 0.0696661766121
255 0.4684627686290 0.1523108406142 0.0246940289720 0.2715008817431 0.0830314800418
256 0.3407080370644 0.1749962977540 0.1425019313913 0.2241254091579 0.1176683246324
257 0.2848335414955 0.1428421581565 0.2645830393151 0.0649647149635 0.2427765460694
258 0.3801154525319 0.1582658919088 0.0126503501871 0.1886182547406 0.2603500506316
259 0.0221020688032 0.8737143358778 0.0228699518957 0.0014521747129 0.0798614687105
260 0.4404045396375 0.0807487499470 0.0018047300049 0.0008877430941 0.4761542373166
261 0.0194621867729 0.0243583343887 0.3688750997337 0.0036771410005 0.5836272381043
262 0.0426777156064 0.1127665289343 0.2048050232126 0.0006795909098 0.6390711413368
263 0.8327573038558 0.0259486057611 0.0039620497580 0.0774747145172 0.0598573261079
264 0.2774523595952 0.0795201381068 0.0301543967588 0.2465614236100 0.3663116819292
265 0.7504919029225 0.0297933135115 0.0236304206365 0.1619810493452 0.0341033135843
266 0.2107163155022 0.2318143195575 0.4215538019736 0.0582832362027 0.0776323267640
267 0.8949741340074 0.0302193626274 0.0600063337387 0.0046023042196 0.0101978654068
268 0.0360208961086 0.1304645375841 0.3581391915052 0.0006321867736 0.4747431880285
269 0.0116118869406 0.2473683793715 0.0069519159325 0.0027041380547 0.7313636797007
270 0.0131679696601 0.2771023833714 0.3962714986242 0.0017274246255 0.3117307237187
271 0.5850800263690 0.0824106865381 0.2973698114309 0.0020313895667 0.0331080860954
272 0.1078022624775 0.2802298084428 0.4656149946455 0.0097611005250 0.1365918339091
273 0.4044373354396 0.5212831639450 0.0298269919549 0.0294320895671 0.0150204190934
274 0.3483000989400 0.0367349374727 0.0030187132821 0.0799562402397 0.5319900100655
275 0.9109486828045 0.0384650350686 0.0035706312093 0.0383093749969 0.0087062759207
276 0.7373117030469 0.0175087211805 0.0161703531951 0.1943547999538 0.0346544226237
277 0.2100066300287 0.4923957615975 0.1944917076978 0.0645632375105 0.0385426631654
278 0.8270828669411 0.0151360036651 0.0069543800624 0.1341345347632 0.0166922145683
279 0.7012529503222 0.2532579222712 0.0050920051830 0.0016249981025 0.0387721241210
280 0.0379699587766 0.7058752577383 0.1933034816562 0.0152343571193 0.0476169447097
281 0.1746120807648 0.0060055097572 0.1426863752705 0.0654155494233 0.6112804847842
282 0.1243240936888 0.5364544685435 0.0277479109161 0.0725532746960 0.2389202521555
283 0.4607000078380 0.4891755655429 0.0205765639337 0.0126396487563 0.0169082139291
284 0.1769208410325 0.8175884112889 0.0016593385945 0.0007912692674 0.0030401398167
285 0.1257736532616 0.1069770709028 0.5928609942033 0.1086518587056 0.0657364229266
286 0.1202531147906 0.8081386237495 0.0232795360777 0.0023463392723 0.0459823861099
287 0.0275850863064 0.2743260592980 0.5826960788385 0.0051326831614 0.1102600923957
288 0.7860034791355 0.0223006217729 0.0091014012762 0.1604119034438 0.0221825943716
289 0.4800045884553 0.0092638068678 0.3565054771579 0.0950102110898 0.0592159164292
290 0.0397742238688 0.0197544507875 0.2359301900093 0.0340336142383 0.6705075210962
291 0.9373083969063 0.0287340645738 0.0073017410052 0.0066914944898 0.0199643030249
292 0.5243707202795 0.0355051967797 0.4097973839375 0.0049443803322 0.0253823186711
293 0.0840381655922 0.7938342007944 0.0869982581281 0.0127036784805 0.0224256970047
294 0.5114306323236 0.0092961284141 0.1193790515515 0.0471335885205 0.3127605991903
295 0.9168363229283 0.0267787873265 0.0105334409414 0.0098253104579 0.0360261383458
296 0.7737919686386 0.1679845378931 0.0265414429031 0.0030764202360 0.0286056303292
297 0.7171441875156 0.1240827029858 0.0306798020943 0.0885482582740 0.0395450491303
298 0.0290398904455 0.0450251512411 0.0366004867677 0.0123466066830 0.8769878648626
299 0.0186612170391 0.9517220689918 0.0085740726936 0.0043457628721 0.0166968784034
300 0.3140069457608 0.3264968721690 0.2958197390771 0.0062268061962 0.0574496367969
301 0.9207118885462 0.0369964945564 0.0147715261518 0.0059820257693 0.0215380649762
302 0.0434523245485 0.4074417365977 0.2732227002006 0.2658325111208 0.0100507275324
303 0.0449176079388 0.0449176079388 0.0248070764019 0.8451682690384 0.0401894386821
304 0.0206897760881 0.9493239121368 0.0080322973164 0.0063121723162 0.0156418421425
305 0.7425870820833 0.0992477636341 0.0154859830239 0.1402309384418 0.0024482328168
306 0.0106512157320 0.1526674254917 0.3616180982143 0.0034164276876 0.4716468328744
307 0.1279265479593 0.0223048230779 0.3676492418236 0.0830360382321 0.3990833489071
308 0.0243859175717 0.9412208030192 0.0094672334507 0.0047984607901 0.0201275851683
309 0.0344392597306 0.0353479473225 0.3594301489950 0.1114984570735 0.4592841868784
310 0.0457571810950 0.9271265439456 0.0191104035929 0.0022518285307 0.0057540428358
311 0.1730904899732 0.8114619358954 0.0037870506172 0.0023059332755 0.0093545902387
312 0.5678243876717 0.3695168328940 0.0048922157056 0.0411826200405 0.0165839436883
313 0.6229239768643 0.1547009034546 0.0068267767748 0.2000197657489 0.0155285771574
314 0.8611075255203 0.0453368930628 0.0073479631632 0.0679601172644 0.0182475009892
315 0.9058409933436 0.0167150066999 0.0083252349973 0.0516496978067 0.0174690671526
316 0.3053100194893 0.3538921596425 0.1720797476046 0.0018795255724 0.1668385476912
317 0.7102314299441 0.2418078486975 0.0141542163216 0.0075016372611 0.0263048677757
318 0.8879099895512 0.0183293948875 0.0116858052886 0.0542329754434 0.0278418348291
319 0.0335427009395 0.8089016171291 0.0115392722368 0.1220370601470 0.0239793495476
320 0.6028214834348 0.1791626264243 0.0929203979127 0.1012548372646 0.0238406549636
321 0.0424730020667 0.0171756027166 0.4122540486117 0.0731435909254 0.4549537556796
322 0.6742003453470 0.0130146434601 0.0576116578999 0.1186640207167 0.1365093325764
323 0.0763352573057 0.3938762455006 0.0049505516768 0.1525291631472 0.3723087823697
324 0.0132551668159 0.9364821702154 0.0029670262519 0.0434529230392 0.0038427136776
325 0.1083886433017 0.3495985625528 0.0099944021993 0.0017272580321 0.5302911339141
326 0.6320463082702 0.0143600041775 0.0043880369677 0.0025440841117 0.3466615664729
327 0.3166046814144 0.5104398073721 0.0979149474627 0.0254242648088 0.0496162989420
328 0.6166626869209 0.0226494264773 0.2440617189662 0.0122408763929 0.1043852912427
329 0.7588232878953 0.0839946307320 0.0051361928108 0.1411262087230 0.0109196798388
330 0.3497356831243 0.0573534668630 0.1532782755839 0.0225806358244 0.4170519386044
331 0.0062591159596 0.0069584585249 0.0023938306999 0.0020276144377 0.9823609803779
332 0.5009926760457 0.1684053357835 0.0312897484854 0.2383795715821 0.0609326681032
333 0.4745932186330 0.0084339191950 0.2600494978470 0.0027858472127 0.2541375171123
334 0.2496147592394 0.7013194672290 0.0384640801794 0.0033023758062 0.0072993175460
335 0.7193165263236 0.1916418487938 0.0018934763669 0.0448320363266 0.0423161121891
336 0.0583234816199 0.6532816107077 0.2220538041901 0.0115346157289 0.0548064877534
337 0.0387518364328 0.0322389227466 0.5953419195607 0.0105411061921 0.3231262150677
338 0.8162195377746 0.0858217411083 0.0166595559220 0.0418549383187 0.0394442268764
339 0.1002290591802 0.3874183404988 0.3429428112568 0.1336925116034 0.0357172774608
340 0.1870787440312 0.0507115502044 0.0193839516225 0.3809816853905 0.3618440687514
341 0.2955391430532 0.3390778272489 0.0014857936078 0.0005427177539 0.3633545183362
342 0.0141614849026 0.0494575870914 0.2675628355544 0.0241476991804 0.6446703932712
343 0.0094558308037 0.0134288689566 0.0919661690912 0.0022020427899 0.8829470883585
344 0.0146078747427 0.0307572840059 0.1439817049707 0.0022052088739 0.8084479274069
345 0.1720223150059 0.1207419500990 0.0854630749787 0.2843282299813 0.3374444299352
346 0.7747187719993 0.0957589552823 0.0469403249115 0.0140960060165 0.0684859417905
347 0.3835896357470 0.1511909142682 0.0069974561416 0.0023194392946 0.4559025545487
348 0.1520239819856 0.0132867572883 0.5251290485284 0.0030941763548 0.3064660358429
349 0.8494310858266 0.0252613664002 0.0083645140443 0.0956034554672 0.0213395782616
350 0.0233439150897 0.8734231536318 0.1005243173068 0.0003408417769 0.0023677721949
351 0.0951717502288 0.8885701985172 0.0112508578484 0.0011673726857 0.0038398207198
352 0.0151447577173 0.0120954776400 0.0326437794222 0.0025800529604 0.9375359322601
353 0.1327911297742 0.1517772458899 0.0132902812810 0.0197403590847 0.6824009839702
354 0.0747623995492 0.0998926178851 0.0487831873507 0.7152903549829 0.0612714402321
355 0.4230722389212 0.2630010156836 0.0030131278002 0.2036761661389 0.1072374514561
356 0.1416859425505 0.2888168886169 0.2616910229131 0.0041277919396 0.3036783539800
357 0.1177147526820 0.0399532987463 0.7563297872410 0.0286619095447 0.0573402517860
358 0.0178437901917 0.8102290495536 0.1525880735161 0.0092776259323 0.0100614608064
359 0.0451187777665 0.0049303347605 0.0304386304327 0.1369976971912 0.7825145598491
360 0.3975813423583 0.0978702570582 0.3191589727534 0.0147621061895 0.1706273216406
361 0.0315977156518 0.0536426335484 0.8597054572998 0.0136329530310 0.0414212404689
362 0.4029514530923 0.3042676901708 0.1144315718802 0.1713867369650 0.0069625478917
363 0.6452457469304 0.0553703767310 0.1251567540315 0.0226139220173 0.1516132002898
364 0.0076257624515 0.2939635837486 0.3753479159868 0.0009349248200 0.3221278129932
365 0.0450101520394 0.0450101520394 0.0206803401262 0.8490271144966 0.0402722412984
366 0.2057272972833 0.3346233439141 0.1761658101409 0.2048545373589 0.0786290113028
367 0.1621692492492 0.1866938994192 0.2097271857275 0.4032835153727 0.0381261502314
368 0.0204946152623 0.0991608152592 0.0598277152608 0.0520178120599 0.7684990421577
369 0.1077932252562 0.7336057451422 0.1200407037573 0.0028857648515 0.0356745609928
370 0.3551209859791 0.0410975965895 0.3768257483827 0.0051749568960 0.2217807121526
371 0.1311447926965 0.5556104298882 0.0035870085803 0.0097625928242 0.2998951760108
372 0.1516313365664 0.1618079363359 0.0790199219944 0.4263437681538 0.1811970369495
373 0.6556165727554 0.3192653224402 0.0040689990963 0.0035206103984 0.0175284953097
374 0.0058777478244 0.6756872840741 0.3007365731596 0.0014672647324 0.0162311302096
375 0.0278269165741 0.5663064821387 0.2556690860842 0.0070537134873 0.1431438017157
376 0.3587966126772 0.5382703281400 0.0089390383377 0.0779358463037 0.0160581745414
377 0.0193226771005 0.2005663925395 0.0068133386885 0.0041509796936 0.7691466119779
378 0.0424004791813 0.0109113495648 0.0699509935913 0.0033936835136 0.8733434941490
379 0.2663282979665 0.6445176725504 0.0109243207415 0.0512449772173 0.0269847315243
380 0.7554582800601 0.0270030806672 0.0095215136733 0.1632543688673 0.0447627567322
381 0.0976600282994 0.0649248232828 0.0298303242110 0.7494941928484 0.0580906313583
382 0.0448134766508 0.1296673969363 0.5956472868825 0.0758926779334 0.1539791615970
383 0.0154144599632 0.7772101647067 0.0486465107655 0.1342868749095 0.0244419896551
384 0.2867937415769 0.0271344010817 0.4664148448195 0.1314890001427 0.0881680123792
385 0.0257441573210 0.5406273037404 0.0835156487702 0.0059952147186 0.3441176754499
386 0.0193142522715 0.9266672546677 0.0114278183283 0.0041742539895 0.0384164207430
387 0.1212914052067 0.1212914052067 0.0557284834734 0.5931648172439 0.1085238888692
388 0.0507009883595 0.0664222250602 0.0196834132475 0.5646346768853 0.2985586964476
389 0.0450101520394 0.0450101520394 0.0206803401262 0.8490271144966 0.0402722412984
390 0.8817282409474 0.0133340526970 0.0061264566446 0.0808654193895 0.0179458303215
391 0.8670513648387 0.0335453222754 0.0544492880035 0.0057651319553 0.0391888929271
392 0.5216431934671 0.0188907000508 0.3250913079104 0.1049524411826 0.0294223573891
393 0.8876754831368 0.0067687142551 0.0084796472770 0.0047515079964 0.0923246473347
394 0.2677578907576 0.1801453286475 0.3005971533032 0.0006346630246 0.2508649642670
395 0.0154537820428 0.6053562148590 0.1055896162767 0.0243662445495 0.2492341422721
396 0.0104756638723 0.0115841997318 0.2123640122308 0.0014069294162 0.7641691947488
397 0.6657052857547 0.0103995163680 0.0654962105444 0.0264283456278 0.2319706417051
398 0.0404340137560 0.8673850612999 0.0123730272010 0.0613991538110 0.0184087439321
399 0.6103162890766 0.3326248520249 0.0472201767698 0.0015238567128 0.0083148254158
400 0.5603599191052 0.0669939106252 0.0355532318486 0.2260377532435 0.1110551851775
401 0.7354878893897 0.1598163851203 0.0256858794909 0.0289899754116 0.0500198705876
402 0.0945771864029 0.0945771864029 0.0434543829419 0.6827695511551 0.0846216930973
403 0.4682184802414 0.0453184438025 0.0088953121648 0.0518612969046 0.4257064668867
404 0.1180028834812 0.1223896077742 0.0280157554171 0.6731097920954 0.0584819612322
405 0.0512740223785 0.8338775218399 0.0494837746037 0.0085126236275 0.0568520575504
406 0.0662159407487 0.5144260918289 0.1038382184747 0.0781729106360 0.2373468383117
407 0.0591969536662 0.0328286001401 0.8498199645287 0.0051887862795 0.0529656953856
408 0.0295711872046 0.0295711872046 0.9052893565441 0.0068864408559 0.0286818281909
409 0.0292604733017 0.6355206395534 0.2610457508270 0.0122065224683 0.0619666138495
410 0.7092562035829 0.2179252571168 0.0635577891862 0.0014781471091 0.0077826030050
411 0.6415888867164 0.2652386114762 0.0245848129705 0.0197540076561 0.0488336811808
412 0.0261623744932 0.0134621927004 0.0057963172038 0.0039237182653 0.9506553973372
413 0.0736691848037 0.3813637719357 0.0202544279939 0.2576131591395 0.2670994561273
414 0.6846433700868 0.2668689063709 0.0064705433846 0.0209811458071 0.0210360343507
415 0.0710884998461 0.0645666191262 0.0356588235032 0.7592451907023 0.0694408668221
416 0.4243360990925 0.5677299859919 0.0025077345816 0.0011206241994 0.0043055561346
417 0.2958244100815 0.0383405044419 0.2823210970302 0.0552270565284 0.3282869319180
418 0.6436975247875 0.3372852928669 0.0070835832764 0.0012507593913 0.0106828396780
419 0.0553570646672 0.1050521484744 0.6956353941182 0.0379342115704 0.1060211811698
420 0.5956180633835 0.3221008566714 0.0188792019887 0.0456341055522 0.0177677724043
421 0.0930850784752 0.0344068055109 0.0390924169884 0.2632959143604 0.5701197846651
422 0.6797148140286 0.1349975183224 0.1310544949647 0.0029672606147 0.0512659120697
423 0.1443439777898 0.3420754542143 0.1389998838324 0.1333829726584 0.2411977115051
424 0.0990731891698 0.0090824033806 0.3908451162682 0.0023091242980 0.4986901668835
425 0.0221382521290 0.9506706975415 0.0072445417720 0.0044136872038 0.0155328213537
426 0.2892256916753 0.1611758185563 0.0164990230170 0.4835350822248 0.0495643845265
427 0.0346997655947 0.9129856985896 0.0136546471880 0.0150402798635 0.0236196087642
428 0.0444609384652 0.0748875858323 0.1175876848739 0.0341794408772 0.7288843499514
429 0.4800181992571 0.0103628409030 0.0126240112463 0.0028560651125 0.4941388834812
430 0.8701593666500 0.0264710239334 0.0266016966419 0.0303720517927 0.0463958609820
431 0.6093643579386 0.2625364091812 0.0011844504960 0.0007516836174 0.1261630987667
432 0.9119106993269 0.0408465127060 0.0210284391365 0.0087481693329 0.0174661794978
433 0.0045674800449 0.3445228739880 0.1635055122971 0.0030624834023 0.4843416502677
434 0.6440612886166 0.0273987442367 0.1693326139142 0.1517641816930 0.0074431715394
435 0.0161898656747 0.6013657334350 0.0092310175176 0.1644219493397 0.2087914340331
436 0.4341661941240 0.2457941379562 0.2045304753822 0.1090764520581 0.0064327404795
437 0.6966815318681 0.0229693996902 0.0646941808014 0.0125076025303 0.2031472851100
438 0.0295329643533 0.6283205902315 0.0148140805571 0.3009081335947 0.0264242312635
439 0.0075374949228 0.5351621395165 0.2287036721559 0.0017553070368 0.2268413863681
440 0.1862023043534 0.1355893747008 0.0304757512403 0.0235111107247 0.6242214589809
441 0.0051105871732 0.0060177919968 0.0315257762722 0.0009084475700 0.9564373969878
442 0.0207954045561 0.0141141500803 0.3073219056258 0.0025089025797 0.6552596371581
443 0.1580165552093 0.2536065386716 0.1507047257756 0.0312332056006 0.4064389747430
444 0.4291596244558 0.4177012652076 0.1400802284551 0.0036741609265 0.0093847209551
445 0.0259534267971 0.1837606952619 0.1107964232668 0.0051328006600 0.6743566540142
446 0.0107621663503 0.4638584135368 0.4420798756804 0.0680059396189 0.0152936048136
447 0.6936803090997 0.0183541611497 0.0027495550819 0.0955985393337 0.1896174353349
448 0.4305665576838 0.5428414593124 0.0066778833568 0.0055336841645 0.0143804154826
449 0.6914619550260 0.0184949365359 0.2434333538640 0.0050309122867 0.0415788422874
450 0.0111317497814 0.1949588103919 0.3434281435787 0.0028301533000 0.4476511429481
451 0.8860395597311 0.0634403110599 0.0138070662762 0.0098256180792 0.0268874448536
452 0.2825018638961 0.4466880879700 0.0310302356615 0.2187286975789 0.0210511148935
453 0.0305966670490 0.6857980220373 0.0140579281036 0.0071252512306 0.2624221315796
454 0.0246487453030 0.1562322728602 0.0240977674563 0.0030067288791 0.7920144855014
455 0.0563440632944 0.1129454054167 0.4431662576754 0.3486410066476 0.0389032669659
456 0.0083029460419 0.8500299794108 0.0450939575600 0.0014226073838 0.0951505096035
457 0.1894993427886 0.1975312448565 0.2585447567814 0.0018579733277 0.3525666822458
458 0.0914623853484 0.0235484268976 0.0142112551717 0.0042805209369 0.8664974116455
459 0.0109712735171 0.6396426607665 0.1119923376907 0.2229028479668 0.0144908800589
460 0.1224946747242 0.7273903788493 0.0977581696006 0.0064295104015 0.0459272664243
461 0.6763781958598 0.0395700391371 0.0071029044387 0.1806326532476 0.0963162073168
462 0.0669372221736 0.8631978948877 0.0081554633008 0.0464655468902 0.0152438727477
463 0.2350020466870 0.0637801547475 0.0253709195286 0.2511039410454 0.4247429379915
464 0.1149868705756 0.0782330763277 0.6221608498882 0.0206641195449 0.1639550836637
465 0.1963985766583 0.1372753016208 0.1008139344881 0.0011145875072 0.5643975997256
466 0.0839767773684 0.1681123010078 0.0480657966003 0.0125322569846 0.6873128680388
467 0.1896629120182 0.0025994851211 0.1896629120182 0.0010108635527 0.6170638272897
468 0.1774191648785 0.0983465565761 0.0247502606730 0.6512861418249 0.0481978760475
469 0.1682948427683 0.6957593406416 0.0538116914875 0.0749445418237 0.0071895832790
470 0.0178883888011 0.7055246188636 0.0097270609077 0.0041657891729 0.2626941422546
471 0.2110270118396 0.4919162084861 0.1046797276391 0.0508205216693 0.1415565303658
472 0.4332181860919 0.0144422162606 0.0053040517642 0.0016760037471 0.5453595421363
473 0.0274884536576 0.0215556938754 0.8721851707595 0.0064014207148 0.0723692609927
474 0.0325396689433 0.0325396689433 0.4662136599432 0.0068825264335 0.4618244757366
475 0.2685236460615 0.7143140962460 0.0039107374020 0.0042448881051 0.0090066321854
476 0.0133957020201 0.4145579953206 0.0038752331169 0.0051002118367 0.5630708577056
