392 15
0 0.1311981113663 0.0056764624542 0.0048850053837 0.0358126179476 0.0057668622658 0.0201537489723 0.0105802509925 0.6871531945376 0.0027026608603 0.0041091301527 0.0389923547339 0.0245036638767 0.0073441237402 0.0130744861651 0.0080473265512
1 0.0029269612215 0.0060528265347 0.0005303651964 0.0020830631795 0.0033125863652 0.0059995864030 0.0142828807111 0.0441104896037 0.0744230005809 0.6795516139675 0.0586402674359 0.0942596864931 0.0069092888324 0.0036150460524 0.0033023374226
2 0.0337962407657 0.0026967329679 0.0176170459824 0.1100881933259 0.2282322331415 0.1028262946993 0.0151158536640 0.0114420215757 0.0129750472266 0.3991141306039 0.0059717845282 0.0119455288435 0.0342921662551 0.0106633184096 0.0032234080107
3 0.0306635093728 0.0183398571741 0.0095959496410 0.0124460569826 0.0136555182463 0.0113622433442 0.6175626187004 0.0026398053035 0.0011208038355 0.0053068250947 0.0137614999554 0.0054858299629 0.0070704995571 0.2440401917101 0.0069487911193
4 0.0046847158760 0.0052823337474 0.0032930752046 0.0036644427154 0.0064599598243 0.0532501885918 0.0361813359573 0.0086111959764 0.0129441457202 0.0310683861112 0.7951019097244 0.0208945842865 0.0062348196490 0.0070721143700 0.0052567922457
5 0.0067294065426 0.0061712264372 0.0916562092412 0.0049160654795 0.0031021737878 0.0034927989379 0.0166260100484 0.0129179981769 0.3728714890657 0.1128370765695 0.0226616946913 0.0062606916590 0.3273927039399 0.0046565798309 0.0077078755922
6 0.4255096843049 0.0028585825276 0.0035574496991 0.0071241704566 0.0052764857953 0.0183532787262 0.4407575984128 0.0316975218240 0.0041514087964 0.0148876423396 0.0102103426429 0.0134035853805 0.0090367400403 0.0056037630413 0.0075717460123
7 0.2448647964452 0.0037933358992 0.0496808540188 0.0164467120703 0.0046618971808 0.1989203806848 0.0124535059058 0.0107027313221 0.0184415546721 0.0040617393632 0.1709483203964 0.0066046581269 0.0541795869274 0.0397479284461 0.1644919985408
8 0.0053893060152 0.0056293614355 0.0032123449647 0.0075555466071 0.0093182176595 0.1895538637041 0.0048477205831 0.0048287510247 0.0630791989348 0.0131193332471 0.0077154432584 0.6681043096967 0.0081600946805 0.0038169526054 0.0056695555832
9 0.0181868929911 0.0082338502362 0.0130283024523 0.0148913513088 0.0516692285946 0.0042660703677 0.0169221799066 0.0168037748569 0.0867754519625 0.4842766142746 0.1838673435936 0.0036954880376 0.0348081645131 0.0042319769314 0.0583433099731
10 0.6688157645915 0.0345346056364 0.0086144516698 0.0084849490502 0.0233987228704 0.0047831595824 0.0349927872962 0.0859100238813 0.0113624747209 0.0306637826823 0.0132388418495 0.0071558137196 0.0363284715486 0.0196248112710 0.0120913396298
11 0.0079464970687 0.0176684825380 0.0063356649835 0.0450232156727 0.6293816524483 0.0414170973600 0.1596626405255 0.0291837512074 0.0078630680507 0.0104538505587 0.0048107282543 0.0046179627548 0.0226697536157 0.0055268165561 0.0074388184057
12 0.0139328222119 0.0016706848906 0.0024081529651 0.0058502504816 0.0070145463138 0.0055866080656 0.9049568046665 0.0032772801932 0.0045640497850 0.0114359597958 0.0094099208259 0.0101976369414 0.0046432230624 0.0069705751980 0.0080814846031
13 0.4329716782044 0.0025308810527 0.0053942410900 0.0131845283315 0.1338640947557 0.0031304782534 0.0156880734942 0.0046636376855 0.0021879432407 0.0113184326819 0.2298664053581 0.1116571733994 0.0108140511752 0.0168825699898 0.0058458112877
14 0.0021412055883 0.1412766704799 0.3150965698768 0.0487385120296 0.0093042174502 0.0202457648338 0.2901903843021 0.0140227032542 0.0019242235733 0.0167812259762 0.0138233035577 0.0144049460082 0.0133907903116 0.0604536288417 0.0382058539164
15 0.0084956880908 0.1420889912745 0.0344515525456 0.2231235611877 0.0045586892683 0.0086044848861 0.0069880454100 0.0212641995219 0.0109089198472 0.0603271724671 0.0095595488536 0.1764461088584 0.2773100690888 0.0051270757059 0.0107458929940
16 0.0027592958402 0.0731840739090 0.0147052687616 0.0144188213026 0.0037936063790 0.2374539955225 0.0343219524101 0.0393377548307 0.0056949029517 0.0421367822527 0.3739048130270 0.0023220362873 0.0389118014290 0.1130544207516 0.0040004743450
17 0.0021408894975 0.0115671041635 0.0140537702207 0.0097044160775 0.0057541120897 0.0122165202208 0.0913817664135 0.0193024963326 0.0074160384872 0.0114772357314 0.4804963230084 0.0043564346068 0.3120108509786 0.0099119730290 0.0082100691428
18 0.1814742417630 0.0968430181328 0.0421588520107 0.0062835341335 0.0146576375857 0.0300188072693 0.0059600457453 0.1893215354289 0.0022862321494 0.3804201663380 0.0149408869473 0.0067351620957 0.0056282829252 0.0105491036732 0.0127224938021
19 0.5208012785326 0.0301623310883 0.0210977257623 0.0054885931895 0.0038051958059 0.1482546247349 0.0083850104827 0.0259288565465 0.0120229253905 0.0096015821131 0.0105811960026 0.0115223620227 0.1464050857186 0.0048998943706 0.0410433382391
20 0.0128568141422 0.0762282623377 0.0021858962518 0.0045723692826 0.0116292444756 0.0100205488699 0.0122663382716 0.0443722872855 0.2237326785079 0.0078645454883 0.0157208500976 0.0177146234804 0.0293498746319 0.0187362111759 0.5127494557011
21 0.0395055628316 0.0069932944574 0.0042066645080 0.0040740908387 0.0065302969676 0.0067104430909 0.0055833910743 0.0037673671422 0.0033026519156 0.0048926622816 0.0655468193099 0.0039783516446 0.0213966986454 0.0026026614734 0.8209090438187
22 0.1541680310553 0.0370338588794 0.0119471897630 0.6812591290232 0.0047822844196 0.0203757504409 0.0162789344992 0.0191788256650 0.0044834727285 0.0086709101284 0.0231628949527 0.0016268988393 0.0037586973183 0.0027196139360 0.0105535083512
23 0.0082089811334 0.0719928122638 0.0020789511779 0.1608529720944 0.2913279722860 0.0075135228028 0.0050437163360 0.0032229537436 0.0040193582390 0.2593079252049 0.0466772081804 0.0028974004844 0.0042212786786 0.0020771343099 0.1305578130648
24 0.0039009729591 0.0371962260901 0.0320072311869 0.0020790104794 0.0075953192198 0.0026352385474 0.0429967390464 0.0089913653836 0.0142030663692 0.1353112386978 0.0108984217687 0.0705750744830 0.0823564582720 0.5348762516843 0.0143773858124
25 0.0513767065689 0.1106857270511 0.0229612803932 0.0779244485381 0.1309590007444 0.0882574747216 0.0142705592121 0.0365696532449 0.0252749822162 0.0765452372536 0.0833448626254 0.2152695272428 0.0173195765962 0.0413183941716 0.0079225694199
26 0.1291232350622 0.0458233721860 0.0034919438843 0.0387001562385 0.0028051019462 0.0220388045263 0.0090790540992 0.0012027147980 0.0079471424605 0.5096215624796 0.0971434566056 0.0247638104421 0.0132377403161 0.0013760602339 0.0936458447216
27 0.0180540072961 0.2101073974181 0.2024053871299 0.0188974770147 0.0314622564665 0.0228072998453 0.1103841943023 0.0095241018197 0.1706123923072 0.0219934371343 0.0725377628814 0.0161095402526 0.0515029144036 0.0162714451798 0.0273303865486
28 0.0263984437056 0.0152112377592 0.2639314932923 0.1477809174215 0.0214278277962 0.0560924629680 0.0209544585108 0.0074306856939 0.0072339497806 0.3115573930624 0.0166611828410 0.0427368500853 0.0166549851760 0.0039431818296 0.0419849300778
29 0.0258039105037 0.0226942666988 0.0207129444539 0.0346524797920 0.0140929887617 0.0200352384835 0.0385501810581 0.0584166695952 0.0573172242368 0.0344196703598 0.0312930974071 0.4767117514215 0.0376639699992 0.0342085205188 0.0934270867098
30 0.0073716565593 0.0073737631043 0.0266467352645 0.0094880089794 0.0084948930112 0.0028967839604 0.1956398455938 0.0037442340951 0.0019573094050 0.0979100151231 0.0636658728784 0.0182184294254 0.0181130003788 0.0062188385889 0.5322606136326
31 0.0027462557317 0.0700948642717 0.0413780030267 0.0011560428890 0.1205039623539 0.1112794477686 0.0099851041732 0.0047822044254 0.0126974737352 0.0478710921798 0.0037156300493 0.0046394520545 0.5531224523145 0.0030017378395 0.0130262771871
32 0.0409016250999 0.0209842747265 0.1288191141524 0.0160938880300 0.0023018091912 0.0047394077159 0.0122848054851 0.1664600566155 0.0121317948074 0.5591377962188 0.0047853138408 0.0049413396704 0.0070197164376 0.0066568041454 0.0127422538632
33 0.0543209710194 0.0119938407253 0.0157158394200 0.0190164475125 0.0125815861960 0.0179397746824 0.0306031450464 0.0170660426394 0.2474284919995 0.2620294049602 0.0432191988920 0.0100496444794 0.0265588843063 0.2160846137488 0.0153921143725
34 0.0011492621130 0.0012528039996 0.0971010163448 0.1778584220441 0.0028226137308 0.0041769733350 0.0061576254267 0.0201386084117 0.0025100983361 0.0349723641269 0.0042600467799 0.0030132394705 0.5981676386845 0.0452084638613 0.0012108233349
35 0.0100436666069 0.0027831244223 0.0069672281868 0.0468292526371 0.0057915501802 0.0281228905233 0.0904412573196 0.0166697385506 0.0018800457012 0.0800279247445 0.0190202026133 0.2463608145456 0.0323929713343 0.4100105697788 0.0026587628555
36 0.0025760691335 0.2757999347953 0.0818085878113 0.0023797174142 0.0241734249334 0.1994154832175 0.3487802132700 0.0115083753898 0.0030727415791 0.0164060762493 0.0116815709488 0.0030461377559 0.0065874604672 0.0024207282812 0.0103434787535
37 0.2143961637184 0.0112608595619 0.0078509202652 0.0722388679409 0.0331450004786 0.0042078765324 0.0251594607568 0.0075182197682 0.0064019775318 0.0588548943624 0.4450894735545 0.0026097065743 0.0223323841349 0.0047250206216 0.0842091741981
38 0.0042772719281 0.0344939252365 0.1417496093824 0.0143066972424 0.0155326070022 0.0117178574311 0.0684312889893 0.1145347123280 0.0086596492954 0.4420081617871 0.0097730059355 0.0329415037513 0.0777382463744 0.0168622266374 0.0069732366790
39 0.0623003141987 0.0091387946600 0.0051450067843 0.2268792269785 0.2131732260250 0.0100711079050 0.0438018785242 0.0025875547099 0.2157897121889 0.0050568887167 0.0114812619087 0.0306202400885 0.0096769227384 0.0040893585549 0.1501885060184
40 0.0045943476343 0.4943494168519 0.0063315484475 0.0060668083277 0.2632563435866 0.0514403218027 0.0180506412555 0.0044924207441 0.0024986872074 0.0067690160606 0.0793314761451 0.0441626159677 0.0067710161836 0.0072011571953 0.0046841825900
41 0.0024169202760 0.0038095886669 0.0020450863873 0.0029830631074 0.0119686656587 0.0069830324765 0.0119122318717 0.0156134683206 0.0016676512638 0.7588358987053 0.0158799424111 0.0036430442803 0.0084166885098 0.1457602241590 0.0080644939055
42 0.0063742237597 0.4062353444276 0.0806759122049 0.0086084937027 0.0054669260214 0.0062684409908 0.0129132691365 0.0633690386771 0.1631451251379 0.0323909328191 0.0191563083439 0.0209514565677 0.1601091415693 0.0070961529221 0.0072392337193
43 0.0120912008321 0.0066912696717 0.1611363339698 0.4678161052892 0.0056503517934 0.0019706772471 0.1982977447401 0.0016620700720 0.0031739564525 0.0638400982837 0.0472967692307 0.0073371520399 0.0121018099404 0.0073145217508 0.0036199386866
44 0.0830249210073 0.0378460177731 0.4145280718761 0.1746645524317 0.0266005178623 0.0155085973925 0.0201156624643 0.0145469447973 0.0034016488558 0.0358098365998 0.0355671380937 0.0133814792641 0.0754030933497 0.0044068451771 0.0451946730550
45 0.0065361650736 0.0145551732556 0.0052224897277 0.0110699175857 0.0116305883270 0.0229871356933 0.0199871922501 0.0036490670605 0.0900815063899 0.0147066060365 0.0145470637710 0.1251583355821 0.0073962694008 0.6480605703415 0.0044119195045
46 0.0036915273285 0.0067645477798 0.0865192376701 0.0071532362639 0.0119482391066 0.2375615080386 0.0120071783631 0.0255597167496 0.3321551616651 0.0105217542357 0.0149704932603 0.0223318554254 0.0136293958171 0.2056291047953 0.0095570435010
47 0.0093472050474 0.1157796916651 0.0190793046429 0.0038450988755 0.0034471667970 0.0040914488137 0.0102585043094 0.5090132673930 0.0093715653713 0.0208931972390 0.0087388610808 0.0108751471773 0.0118533024916 0.0089836354597 0.2544226036363
48 0.0041443584796 0.0097671408740 0.0179058583305 0.4654668471953 0.2608727240663 0.0404167182757 0.0071471863917 0.0176385450164 0.0386895798134 0.0210179319218 0.0211382056271 0.0258990707269 0.0267589686687 0.0167484192387 0.0263884453739
49 0.0660674630343 0.0058338447476 0.4481867523406 0.0033345017420 0.0185045256859 0.3070650766772 0.0239788499615 0.0442358612182 0.0014529851124 0.0123936927801 0.0097498781072 0.0138836561646 0.0345744659921 0.0029323507781 0.0078060956583
50 0.0192455663802 0.0006742081233 0.0011657720430 0.0019817093343 0.0021385384897 0.0144312196002 0.0081102909672 0.0229803610267 0.0008176566602 0.0075423719588 0.8731015423705 0.0222243380644 0.0052807669838 0.0174483159283 0.0028573420692
51 0.0026987626469 0.0037566012097 0.0235721192711 0.2596141962191 0.0065078854153 0.5071587096269 0.0072244925275 0.0223665931923 0.0807400504828 0.0047797798585 0.0234279345072 0.0291156278698 0.0168049948419 0.0057661882306 0.0064660641004
52 0.0036349495360 0.0054477457049 0.0030023201694 0.0025863787541 0.0037998384067 0.0049115943093 0.0085694585959 0.0027370785179 0.0036058550895 0.0111887186430 0.8873874775465 0.0018482699151 0.0111694950314 0.0096114010273 0.0404994187528
53 0.1430904727853 0.0228593311278 0.0757188168640 0.0047991638054 0.3034269613169 0.1226719889284 0.0987708991918 0.0058506486425 0.0420511789982 0.0272782534224 0.0711117543343 0.0143622330221 0.0490978598436 0.0096660091234 0.0092444285938
54 0.2173074940280 0.0232114626380 0.0099128298017 0.1291209522446 0.0030008327913 0.0016549127398 0.0066819815701 0.5147083898777 0.0076064845085 0.0117284867498 0.0136538418653 0.0283344351490 0.0110922808336 0.0158667847564 0.0061188304462
55 0.0171736730032 0.0051047814708 0.0257399518656 0.0176063180962 0.0130954501037 0.0146555193918 0.0163091795855 0.0980346738156 0.0231328201222 0.0344520416121 0.2002975475165 0.0801901698718 0.0279224108386 0.1550259699684 0.2712594927380
56 0.1578529677504 0.0797197578712 0.1029472027610 0.1480442959977 0.0023992515173 0.0158233280034 0.3142213286268 0.0068609828442 0.0146136356200 0.0071367040530 0.0130275303578 0.0228356255454 0.1074540573726 0.0019766677641 0.0050866639152
57 0.0174431898995 0.0202813811972 0.0373100553869 0.0098203083587 0.0770258646058 0.0029824264765 0.0100051179916 0.4028879787340 0.0061707629188 0.0208660125480 0.1256663747155 0.0028713349652 0.0977326743130 0.1596236926002 0.0093128252891
58 0.0060097454483 0.0120674310223 0.0550094749951 0.0384334572868 0.0474324991977 0.0348419102372 0.2567531309172 0.0069894028078 0.0068466635837 0.2020999826673 0.0074971770182 0.0439984906858 0.0062428033893 0.2634685585920 0.0123092721513
59 0.0050881443823 0.0198575923571 0.0081931298403 0.0114377985033 0.3955133143525 0.0293861316187 0.0093220250590 0.0035738749145 0.0252770892215 0.0682044325055 0.0107038221287 0.0099582822790 0.0581211888749 0.0049412320271 0.3404219419354
60 0.0035959707591 0.0179744757327 0.0211812374813 0.0022285557810 0.0012321612462 0.0140775113759 0.0436965635800 0.0375429118832 0.0059725164813 0.0095083041426 0.2663516370521 0.0056154763075 0.5521496146288 0.0044163405424 0.0144567230059
61 0.0090156256689 0.0026803211448 0.0038688798425 0.0257157668692 0.0152724339056 0.0186513381731 0.0106897513893 0.0050719923202 0.2254161787235 0.0162753521060 0.1573035227707 0.0045205416323 0.0039742692837 0.4417681066747 0.0597759194955
62 0.0164500961506 0.0235532959612 0.0026134553082 0.0292692481826 0.0592872379538 0.1618155136083 0.0163803841481 0.0025905158886 0.0067916351899 0.1399742946626 0.0500612402236 0.0015223247759 0.0776050171368 0.3665642271184 0.0455215136914
63 0.0859448902676 0.0016424503035 0.0147164771272 0.0031160602881 0.0072409931973 0.0092358580591 0.5789034564323 0.0043982577899 0.0056207036338 0.0164895963995 0.0469707720800 0.0027129878130 0.1370120245603 0.0022170551636 0.0837784168847
64 0.0058521613165 0.0105943577004 0.0036418211855 0.0102238983326 0.0112307217082 0.0127385141037 0.0210492024494 0.1196351359527 0.0100886604354 0.0506794680132 0.4059931384047 0.0086133326934 0.0238930332457 0.0084089323343 0.2973576221243
65 0.2449970627236 0.0058019754584 0.0088589106116 0.0090726919381 0.0089171300670 0.0058449984635 0.0073584221602 0.0056748383918 0.5347675931602 0.0060665574022 0.1278040255536 0.0055054402308 0.0173988673331 0.0077925189627 0.0041389675433
66 0.0040518436713 0.0410945793375 0.0109346295525 0.0086849881945 0.0089968919102 0.0114094825076 0.0068042203190 0.0057249581813 0.0636094751155 0.2176529406195 0.0243966884788 0.0044387900303 0.0112858024804 0.0389537703704 0.5419609392312
67 0.0065238014088 0.0037432802187 0.0101850464031 0.0243171962854 0.0548273807089 0.0173667388579 0.0415297642734 0.0039064274669 0.3141270720742 0.0257637687793 0.0096449583538 0.0623942667100 0.1031163834893 0.3172557238715 0.0052981910988
68 0.0077158944848 0.1160824183651 0.1368204077795 0.0068048124461 0.0223697848868 0.0138616549828 0.0191987627836 0.0132154239813 0.0178567171176 0.0356609586952 0.0751998874214 0.0052976474267 0.0412083682612 0.4809152067919 0.0077920545761
69 0.0152570890727 0.0066674871302 0.2826471221181 0.0077532926067 0.0170941250513 0.0316369985677 0.0091615273836 0.0059117548216 0.0120133565442 0.0052235512679 0.0158545912840 0.0830516570795 0.0144230942321 0.0138244153197 0.4794799375209
70 0.4161307426484 0.0151967494304 0.1394316822379 0.0068577461350 0.0216745748890 0.0402425438194 0.1016618966827 0.0611455749145 0.0076476082447 0.0281280797555 0.0237203308617 0.0527139508186 0.0371208236605 0.0382614621988 0.0100662337030
71 0.0167705405482 0.0320634700120 0.0124315693531 0.0200624153485 0.0064195618892 0.2187618724921 0.0453881057119 0.0101734921440 0.0058137394104 0.0685402271515 0.0124222691103 0.0062092060353 0.2447655157889 0.2969003948034 0.0032776202014
72 0.0050070203930 0.0067040768110 0.0681938603273 0.0439094489081 0.0914995521436 0.0067326956224 0.2806472296108 0.0018325951956 0.0094066305319 0.0096527094175 0.0056780800863 0.0029697730032 0.0119095740559 0.2308302871036 0.2250264667899
73 0.0112682996794 0.0133905281021 0.0355779430406 0.0102138232854 0.0038413275674 0.0345994760174 0.0078621611420 0.0030991441233 0.0159038701859 0.0098563027389 0.1602502197855 0.2742398689294 0.0613411148004 0.0060897675264 0.3524661530757
74 0.1051024408651 0.0041686280268 0.0012286315664 0.0077969643618 0.0255470418008 0.0028147946522 0.0142443989279 0.0025309295119 0.0019314394614 0.0160032786583 0.7094581094816 0.0338060710791 0.0372754187207 0.0340600154816 0.0040318374045
75 0.0146142712536 0.0159229801243 0.0209772880068 0.3679639719841 0.0132323755328 0.0125474137957 0.0339425609227 0.0206512042743 0.2383128277894 0.0956657087291 0.0878891689040 0.0200347504153 0.0165373863835 0.0106727281829 0.0310353637014
76 0.2497962426294 0.0581706105558 0.0031841221444 0.0028822201929 0.1094671591915 0.0032670801160 0.3953403279670 0.0199616941350 0.0156590008160 0.0353876453828 0.0421900013045 0.0475107165816 0.0114365425851 0.0017642158243 0.0039824205738
77 0.0054058891656 0.0334367296891 0.0025251589302 0.0015145443517 0.0017788272587 0.0031138569976 0.8433030405834 0.0011543009716 0.0373916742340 0.0063024283817 0.0079394227666 0.0048305706561 0.0068737551226 0.0404183817205 0.0040114191707
78 0.0052035487135 0.0042491860674 0.0170671578464 0.0063042248179 0.0065306282512 0.0177083886020 0.0187223334650 0.0038218260280 0.0049597522994 0.7347212351460 0.0861780263055 0.0310705513652 0.0115587073892 0.0057074536511 0.0461969800524
79 0.1100618101918 0.0062866657841 0.0105979858144 0.0266094412255 0.0661298913454 0.5961073004334 0.0111143823886 0.0995745207055 0.0018370540057 0.0272973525171 0.0258804775908 0.0054967411003 0.0076798545754 0.0024065915362 0.0029199307859
80 0.0199215601671 0.0115265127255 0.0041096101790 0.1181256941280 0.0127916078171 0.6667256556571 0.0248395727362 0.0051090178025 0.0031331099070 0.0341701393360 0.0398061309973 0.0379512437317 0.0095961110876 0.0060385557252 0.0061554780027
81 0.0109349674328 0.0035176532790 0.0247347256647 0.0084518468779 0.0249341933205 0.0038832523027 0.0335655956852 0.0027493864604 0.0151647326977 0.0582985870172 0.5552341368834 0.0018630995778 0.0953471598097 0.0025587393753 0.1587619236157
82 0.0077619591485 0.1142395743598 0.0109120559791 0.0020861845494 0.0048241291773 0.2567381024906 0.0149956457074 0.1191934906686 0.0050144272101 0.0051962985110 0.1286064853916 0.1652231658860 0.0200234055750 0.0604270205166 0.0847580548290
83 0.0039140858555 0.0027379793577 0.0023622646644 0.0329651405410 0.0026234195519 0.0034194916918 0.0079937136935 0.0045607139903 0.5944393761124 0.3058582650794 0.0081428217261 0.0049466468168 0.0189670218179 0.0046008714755 0.0024681876258
84 0.0114618445667 0.1261591968230 0.0103245964441 0.0085315531264 0.4530856961765 0.0051435796149 0.0050301884677 0.0119850470062 0.0118974787367 0.0058344010302 0.2693559899994 0.0037105425083 0.0177973580368 0.0303790138442 0.0293035136189
85 0.0049639121312 0.0111862690663 0.0020370230370 0.2419866279916 0.3352814255916 0.0281071882378 0.0235753869717 0.0040111527374 0.0066050598582 0.3041874489524 0.0051566657190 0.0171050563416 0.0083799534824 0.0023956859628 0.0050211439190
86 0.0351514196141 0.0383215552216 0.0141035996154 0.1401619802873 0.3779131372086 0.0259257865245 0.0089604223660 0.0216310556613 0.0283037209880 0.0258261832075 0.2041436862158 0.0130720941289 0.0084028518841 0.0314946612859 0.0265878457911
87 0.0023732605205 0.0040993172053 0.0034265348493 0.3001622772243 0.0628811305797 0.0056776325843 0.0091030862642 0.0045602525526 0.0494871878443 0.4947568304777 0.0147626131051 0.0033570823280 0.0282364559722 0.0035566322082 0.0135597062841
88 0.0034305909943 0.0021333393071 0.0442528197973 0.0041903543125 0.0215549141030 0.3579446032008 0.2219674183878 0.0072648648373 0.0078341207539 0.2905048159327 0.0162787503164 0.0026842287207 0.0066704159780 0.0012249115475 0.0120638518108
89 0.2408225163677 0.0050266822810 0.0092027522048 0.5158147385070 0.0054284536326 0.0018511189478 0.0440607234434 0.0025774227167 0.0038467099145 0.0053671306655 0.0390464604693 0.0025901078336 0.1055800393162 0.0099485703662 0.0088365733339
90 0.0029029062457 0.1946307832329 0.0166510343176 0.0032578401953 0.0080371077679 0.0048725163125 0.4008023689701 0.0089389763179 0.3016008813682 0.0081273254020 0.0187407292659 0.0074507128653 0.0106292344269 0.0109525499580 0.0024050333539
91 0.0550759299801 0.0011476729972 0.3557608314588 0.0025710634222 0.0082713668602 0.0066224868737 0.0020913298047 0.0112925651691 0.0086874017492 0.0019202932133 0.5284288668807 0.0022384880542 0.0037052295913 0.0098260973235 0.0023603766219
92 0.0038359103720 0.0062168987111 0.0014272572352 0.0039597610605 0.0109443272726 0.0137659349879 0.0113045385801 0.0064889689948 0.0569518976020 0.5556798205537 0.0050453897519 0.2549553418430 0.0612985858368 0.0048897703834 0.0032355968150
93 0.0305123244392 0.0077511036879 0.0155353384927 0.0441864252173 0.0106761503642 0.0728130227383 0.0266629762968 0.0081576738680 0.0037280394900 0.1936907714307 0.0198613977166 0.0268592575607 0.4983392742965 0.0314501190499 0.0097761253512
94 0.0447806327118 0.0081093698638 0.0288927006550 0.0194147505509 0.0189802012469 0.0011525846642 0.4603373151857 0.0011922094056 0.0115749125407 0.3272519305365 0.0213286281315 0.0028288442918 0.0157648684522 0.0282865522135 0.0101044995497
95 0.0018693288735 0.0020065084827 0.0014822593245 0.1526274610111 0.0023460704655 0.0154502808432 0.1409379916368 0.0038220404864 0.0158312559235 0.0106299520324 0.0559337461596 0.0051298773490 0.4861759128925 0.1039490652763 0.0018082492430
96 0.0042886693004 0.0044967187925 0.0286892596560 0.0341753918696 0.5649453257513 0.0109874023045 0.0064733905225 0.1397281036903 0.0018269555979 0.1176407109272 0.0205348775834 0.0022603786696 0.0578581668880 0.0035481360671 0.0025465123796
97 0.0091300910455 0.1342806465820 0.0022457168455 0.0056164308918 0.0095717889015 0.0017822330113 0.3196618919183 0.0043195393153 0.1012286923616 0.0101327361450 0.3628436789018 0.0024691712580 0.0084388857368 0.0273251870857 0.0009533100000
98 0.3684409805419 0.0497140341861 0.0333013418556 0.0056389191947 0.0121913336854 0.2293569770426 0.0581307712209 0.0037931631572 0.0061593290921 0.0050775543530 0.0121279405351 0.0043825471807 0.0085019174214 0.1904499450164 0.0127332455168
99 0.0070710257815 0.0189471368597 0.0734740037799 0.5512165080093 0.0141607575031 0.0125865556858 0.0039235679178 0.0144298929362 0.0319005676213 0.0357466855860 0.0139077590195 0.1935951522817 0.0157765367411 0.0067288481386 0.0065350021384
100 0.0183499611442 0.0134181455902 0.0113534105038 0.0032111061921 0.1916553063866 0.0185999144434 0.0080177182142 0.4066788035763 0.0142385991839 0.1272926445624 0.0793903637840 0.0050051379992 0.0154901124085 0.0051412718086 0.0821575042026
101 0.0180014028503 0.0188848420677 0.0471534146079 0.0366537156025 0.0592189740102 0.0065084468281 0.0145477529243 0.0125529629232 0.0016798151301 0.2988583049025 0.0048229482980 0.1591913509226 0.0729637586348 0.0034714699453 0.2454908403525
102 0.0960603903164 0.0557984461410 0.0143090822436 0.0061712090603 0.4121257600361 0.0154732779157 0.0314393353828 0.0624913063270 0.0140766490584 0.0782721169424 0.0609538134972 0.1320281451964 0.0063122713972 0.0039907007322 0.0104974957533
103 0.0057570749380 0.0484591013664 0.2614834881372 0.0167971162852 0.0052511904787 0.0182437911575 0.0225857704946 0.0268401604109 0.0990675638290 0.1427061179964 0.0183108839364 0.2371604036556 0.0310825154511 0.0155596634189 0.0506951584440
104 0.0065949467230 0.0055351954892 0.3689621156442 0.0042047797414 0.0035571011798 0.0228185599422 0.0893739108204 0.2543739696941 0.0213393395789 0.0077627713367 0.0155707832127 0.0066476080929 0.1551401833290 0.0041286345694 0.0339901006461
105 0.0042274453733 0.0021535081611 0.0039134706506 0.0039508913114 0.0096298877133 0.0045974096771 0.3139679946551 0.0029102466557 0.0252036206392 0.0610342122096 0.0102666530494 0.0576880575275 0.2682961694442 0.0045951767158 0.2275652562167
106 0.0104709017605 0.2092766241535 0.0027836310448 0.0069373293946 0.0133849166423 0.0278962812598 0.0554870454921 0.2158931685984 0.0030033640257 0.0493709976064 0.0261363578565 0.3645555788652 0.0039422739331 0.0076509106697 0.0032106186976
107 0.2262073123385 0.0033134041028 0.0050409332445 0.0163717307244 0.0047517833839 0.0045328407506 0.0758023159914 0.3414690669460 0.0015403450512 0.0873541182830 0.1212488874608 0.0046587457378 0.0218474756900 0.0025376907677 0.0833233495274
108 0.0059681712565 0.0036077092623 0.0019581598000 0.0082705281680 0.0072123236537 0.0058404918714 0.5690224995082 0.0101830555724 0.0057777599464 0.0044613743897 0.0050823573408 0.0528361007578 0.3129446928147 0.0041515850305 0.0026831906277
109 0.0046041054724 0.0070933946704 0.2841489668787 0.0054045264548 0.0071066532745 0.0146151476960 0.0073015518313 0.2270611606031 0.0199343528204 0.0148515584123 0.1062875514563 0.0018920203382 0.2367445928204 0.0048237664856 0.0581306507857
110 0.5625939828169 0.0440769727048 0.0026578755719 0.0046654653433 0.0265633026649 0.0083389027091 0.0099903545869 0.1544642774083 0.0091383446409 0.0057182143976 0.0299400649875 0.0046317880692 0.0475622123395 0.0865698210980 0.0030884206613
111 0.2766477086103 0.0391246483769 0.0029921666965 0.0073186180977 0.0315110928242 0.0071437502203 0.0284575261373 0.3767100930599 0.0105628372125 0.0984558798804 0.0130783159073 0.0022864409970 0.0812903797669 0.0044812889274 0.0199392532854
112 0.0046722714828 0.0071949109509 0.0057965656068 0.0045271401195 0.0754373648819 0.0145935156853 0.7324444459337 0.0045850311737 0.0127978700351 0.0392418931595 0.0084374719451 0.0085011619032 0.0121495582943 0.0272130766443 0.0424077221839
113 0.0141031567840 0.0031690831562 0.0037430739794 0.0052102977430 0.4143873819442 0.0207548582284 0.0244593427278 0.0149993419874 0.0021348835248 0.0249213933416 0.0072279809304 0.2182235093660 0.0151471187558 0.0219235102121 0.2095950673187
114 0.2005320824108 0.0034734274522 0.0038882517306 0.0041801493751 0.0070534890617 0.0094511282740 0.0089820060424 0.0081744831303 0.0098902010587 0.5960424805117 0.0937173227316 0.0220749920563 0.0087755231449 0.0192468860161 0.0045175770036
115 0.1303979113588 0.0054310513236 0.0464794443116 0.0072398824543 0.2676600530241 0.0060097374541 0.0290037207487 0.0249929449750 0.0099526936791 0.0617579457412 0.0126768957741 0.0038723245039 0.3407256354999 0.0055482346470 0.0482515245046
116 0.0102240899496 0.0490060401982 0.0079576738332 0.0061084620091 0.0148887424664 0.0063153237802 0.0405234571190 0.0050889815377 0.3456523675158 0.0161553844104 0.2920378260936 0.0119900311284 0.0175719259994 0.0234701762952 0.1530095176638
117 0.0657791837705 0.1063081459712 0.0372982808187 0.0145414323149 0.1067465180790 0.0261835945268 0.0111474882761 0.0144889350276 0.0227055876979 0.0044280526076 0.0338896438983 0.0089020474096 0.0044408408379 0.0345885911283 0.5085516576356
118 0.0240093389310 0.0032847905657 0.0188233682328 0.0038497000891 0.0028351344893 0.5803838302826 0.0243687652011 0.0402583692596 0.0597228414128 0.1638224872086 0.0277163722242 0.0102270703348 0.0368048987027 0.0020438750458 0.0018491580199
119 0.0053901777714 0.2941838276070 0.2145850313194 0.0033088155097 0.0082041846159 0.0090643796531 0.0828645627113 0.0095682271863 0.0100206324470 0.0173400125511 0.0270164229331 0.0097398798172 0.0214460264520 0.0093759010117 0.2778919184137
120 0.0056142298799 0.0076449902545 0.0197187067539 0.0062394942536 0.0794820430258 0.0237706198459 0.2414028900745 0.0482251026353 0.0310879947978 0.0738268176860 0.0536826600360 0.1013187087790 0.0447733174405 0.0076000832303 0.2556123413071
121 0.0031486273702 0.0126363190769 0.0104245763324 0.0608549807514 0.0069575134041 0.0098615629653 0.4943859032804 0.0032435310523 0.0019033187285 0.0115882471253 0.0059442546403 0.0034727930879 0.0229651116165 0.0042213112102 0.3483919493584
122 0.0026020830695 0.0028704048201 0.0030846749169 0.0036167557199 0.3639661231432 0.0071405153290 0.0108896198230 0.0019324743397 0.0130952234744 0.1913393307441 0.0155053593001 0.2370424382279 0.1377780234951 0.0037321069785 0.0054048666186
123 0.0057298724431 0.0084727454078 0.5029745676923 0.0077775828421 0.0596673765804 0.0270760312442 0.0895054746348 0.0071920365070 0.0111825786938 0.0694762143551 0.0182135989464 0.0131519938502 0.0398960137230 0.0126605045195 0.1270234085602
124 0.2355617801922 0.0249616974189 0.0016039864029 0.0068096995170 0.0041723337246 0.0076043575092 0.0483888038748 0.0296793906166 0.3174390495381 0.0040217239762 0.0164019464519 0.0725729360325 0.1484221528926 0.0097479812024 0.0726121606499
125 0.0228701602135 0.3241153825039 0.0050443749366 0.0068353121403 0.0075599432315 0.0213172589505 0.0060038055815 0.0025574297124 0.0012639936451 0.0220389561437 0.4862588760679 0.0442374035956 0.0152189782779 0.0049010587681 0.0297770662315
126 0.0040706623098 0.0042865058720 0.0559159899495 0.0089999066935 0.0216072271687 0.6203708742710 0.0107505375655 0.0562422752341 0.0039903742055 0.0235776521996 0.0048218503911 0.0546477473062 0.0095290575120 0.0111518498078 0.1100374895137
127 0.0034768182325 0.0347384619211 0.0096436012690 0.1220574531840 0.0175046369578 0.0243930900903 0.5879688927323 0.0024330499315 0.0033872466815 0.0116197941827 0.1437385311510 0.0042337720319 0.0097814733151 0.0170169883738 0.0080061899455
128 0.0050415925763 0.0047078810935 0.0071235457860 0.0123469739396 0.0141987345853 0.2799557013082 0.3825772724499 0.0365267124228 0.0169207943903 0.0111144821691 0.1868215026250 0.0060369737763 0.0149844793270 0.0085911084288 0.0130522451221
129 0.0478402934252 0.0020660805890 0.0046559339971 0.0021613418733 0.0049950908201 0.0190636710902 0.0379431016410 0.0024958423526 0.0039604811291 0.0058559802262 0.8473706665179 0.0033655945914 0.0094897627055 0.0053750342962 0.0033611247452
130 0.0096933626291 0.0097492566457 0.0151690904938 0.0091582761801 0.0079381031631 0.0371171515417 0.0394396352839 0.0103724066244 0.0231965071915 0.4090261036968 0.0308123821464 0.0232941229180 0.0264662827422 0.0305620866361 0.3180052321073
131 0.0026203485858 0.0348901312434 0.0083430282507 0.0068391921810 0.0053791941243 0.0024704755160 0.0521366081210 0.1439449751376 0.0043893867316 0.0129563037742 0.6086594752256 0.0443400184318 0.0174751027304 0.0108306732783 0.0447250866682
132 0.0014711241876 0.0017783599784 0.0049954969475 0.1956352154142 0.0154719184110 0.0776212615597 0.3650430856452 0.0012259532951 0.1369651937329 0.0058084006945 0.0085651915428 0.0650202117567 0.1032713230166 0.0055477629417 0.0115795008761
133 0.0133087706170 0.0048374434336 0.0203626536794 0.5468795162447 0.0239563473846 0.2022586588694 0.0140922060888 0.0067585716882 0.0090325163300 0.0043019769769 0.0136069164347 0.0107388517951 0.0234301752776 0.0997028772112 0.0067325179687
134 0.1537895329167 0.0049795923635 0.0048615919272 0.0544770420012 0.0030819240681 0.0743852704932 0.0974247115164 0.0077633028280 0.0125593186972 0.0094908302420 0.0091025248792 0.0020659873761 0.5588618356571 0.0027492117249 0.0044073233092
135 0.0088090214538 0.0069717168533 0.1102448460692 0.0166650475600 0.0211061789195 0.0115356478489 0.0098242985027 0.0021997669393 0.0039790879974 0.4123647168512 0.2498306738219 0.0076903448108 0.0040552732701 0.0150378346818 0.1196855444200
136 0.0054512016457 0.0031080544998 0.0048023723267 0.0206072300316 0.0124722566225 0.0093446297886 0.0049187934740 0.2547737609764 0.0028638066019 0.3608096044608 0.0194130291020 0.0392294629527 0.0040020860292 0.0028739324570 0.2553297790311
137 0.0044587862903 0.0457276133434 0.1429217844993 0.0705553916414 0.2981045968637 0.0090800900503 0.0268500364624 0.0024664770304 0.0038032010388 0.0053412682736 0.0038345845824 0.0026700150415 0.0089434831478 0.3644852570654 0.0107574146693
138 0.0480263532226 0.0185685997965 0.0024524158934 0.0087091566373 0.0082758680384 0.0112636323393 0.0474583623299 0.0057640003079 0.0806757214424 0.0093374381928 0.3896823231765 0.0026964373754 0.0129193110350 0.0270343059767 0.3271360742360
139 0.0036678950474 0.0020943744548 0.0156269158768 0.0058840233147 0.3681396005736 0.0073385162116 0.0861339423941 0.0095120132048 0.0115528397345 0.0045900100982 0.0455210333077 0.0312078189035 0.0074886850948 0.0081114431186 0.3931308886649
140 0.0614332220278 0.0033034268330 0.0924579538531 0.0037041266827 0.0054403760563 0.1355055457295 0.3754004797766 0.0024914272131 0.0115767677385 0.0027763211959 0.0150970052214 0.1665614334455 0.0141394656505 0.0147500958403 0.0953623527357
141 0.0107581094720 0.0048774578959 0.0017280546100 0.0097609366063 0.0902871775383 0.1628654196207 0.2321478685574 0.0141681197076 0.1778562579510 0.1223800030710 0.0340126182025 0.0039669463215 0.0262461019733 0.0029629554759 0.1059819729965
142 0.0047295833361 0.1160031812536 0.0061201922507 0.0074423180482 0.1789600145300 0.0070219560532 0.0277141066638 0.0424318199114 0.0029130385374 0.0094625770084 0.0138745513853 0.2880399386012 0.0551340774951 0.0090651957184 0.2310874492072
143 0.0421837177706 0.0129344610313 0.0017263139374 0.0292724422070 0.0033891485956 0.0016093383965 0.0078293085823 0.0009434203244 0.0008033491845 0.0034240028448 0.8762843698218 0.0033109016393 0.0093523280711 0.0011726335050 0.0057642640884
144 0.0162521083428 0.0097244576650 0.0128329565448 0.0069234084958 0.0608274041385 0.0237604550862 0.0246061987782 0.0315525342062 0.0448980279426 0.0117928817752 0.0359532005432 0.0386926919395 0.0287086048684 0.6435022580244 0.0099728116493
145 0.0230571376385 0.0024273440853 0.0104784303952 0.0139685953695 0.0142454799252 0.0035375041708 0.0057820736398 0.0124258581758 0.0025210639342 0.6889694881745 0.0217126981261 0.0035129090212 0.0465993401580 0.1142007441261 0.0365613330600
146 0.0392242794709 0.0202072525046 0.0116516594291 0.3851940561333 0.0123973132936 0.0064148289231 0.0068329177455 0.0346291621466 0.0504005363666 0.2789565195863 0.0183183045311 0.0123040912757 0.0096874959481 0.0100870323238 0.1036945503217
147 0.0187267390257 0.0087183521824 0.0044555568702 0.0049216275809 0.0884290627017 0.0163219474117 0.5010926958830 0.0037840594104 0.2289941477428 0.0271973969723 0.0256081039148 0.0041622197927 0.0385497506648 0.0262784200040 0.0027599198426
148 0.1341861785009 0.0115425970416 0.0574086326134 0.0229308475716 0.0119287790421 0.0446124895972 0.0448028110136 0.0020909973065 0.0198609665594 0.0327682241196 0.0298299748627 0.4910807127202 0.0102963034724 0.0653375296776 0.0213229559010
149 0.0030530026630 0.0024930633099 0.0028714114265 0.0026559663952 0.0042589390957 0.0037909518773 0.9363048441951 0.0031454279461 0.0037905683783 0.0061044842653 0.0041068803746 0.0023124085531 0.0109532650767 0.0028689019999 0.0112898844433
150 0.0464398143426 0.0162018644538 0.0059768999811 0.0032544720658 0.2026055963692 0.0051714452396 0.0181918068366 0.0983244244668 0.0156112740120 0.1420462017493 0.3278476627046 0.0247388835700 0.0157008808377 0.0710509319907 0.0068378413803
151 0.0484114552837 0.0239433433299 0.0090707937916 0.0381314159679 0.0171400225061 0.0113000009952 0.0257378596442 0.0637937744192 0.0119516855687 0.0744558321633 0.0771520419103 0.0810164750745 0.4880884973607 0.0206531698939 0.0091536320911
152 0.0036892969188 0.0052023079851 0.0143880446057 0.0140202793453 0.4601064165544 0.0251490102276 0.0260174026818 0.0161291101447 0.0946004597173 0.0058645741760 0.0125525917004 0.2130711921130 0.0971657270449 0.0058127997434 0.0062307870416
153 0.0029460740599 0.0062140699552 0.0080752353723 0.0364522147103 0.0161173328948 0.0061465514795 0.0142389787960 0.5887016625151 0.1059735786530 0.0379147993178 0.0375417258717 0.0145933067489 0.0065768589817 0.0150606397144 0.1034469709294
154 0.1704738173643 0.1151014063262 0.0047466091620 0.0305862453240 0.0051491127194 0.0056444899099 0.0130946138470 0.0111596509912 0.0105654578235 0.3204586453610 0.1812958122791 0.0081501637061 0.1170267352474 0.0023106449482 0.0042365949908
155 0.0311634266657 0.0873681148472 0.0025485389088 0.0334620780330 0.0034001433575 0.0050554780315 0.0246068475343 0.0059363454046 0.0417621813649 0.2144307076296 0.0653906551482 0.0084345366685 0.3877493092516 0.0709562888844 0.0177353482701
156 0.0088917515311 0.0020096370488 0.0061634383406 0.0971158762914 0.0245073242090 0.0897766262712 0.0380626326320 0.0084083669858 0.3569781911506 0.0257246660121 0.0711499124601 0.0040154054496 0.0339978400548 0.0074258781089 0.2257724534539
157 0.0724356876421 0.0499357451851 0.0155179100130 0.1209411531773 0.0119893356593 0.1059704278800 0.1040217477499 0.3200926700045 0.0042838243158 0.0424960332320 0.0171333788465 0.0017550839665 0.0059063784628 0.1003652625304 0.0271553613347
158 0.1410909624653 0.0150845205359 0.0020174407170 0.0241531892109 0.0014461322567 0.2060715571072 0.0101877690191 0.0020084470604 0.0046691591616 0.0894000030016 0.0262060237365 0.1428603010648 0.2649455844435 0.0115701092544 0.0582888009650
159 0.0761429432801 0.0037669889353 0.0011000737608 0.0047148202691 0.0053485460253 0.0058845085270 0.2503385614528 0.0735967751316 0.0168838165663 0.0690843957246 0.0812988322848 0.0042917436128 0.3996265334249 0.0028726223277 0.0050488386770
160 0.0044070269780 0.2294558661531 0.0158917854549 0.0048780124725 0.0089010898499 0.0089429258609 0.0048303543006 0.0058924797989 0.0310730890754 0.0200676626973 0.1004680297697 0.0083617912505 0.0444430142442 0.0071099336737 0.5052769384204
161 0.0271220569204 0.0031667038768 0.0020365194199 0.0140790569732 0.3523478020774 0.0090993150557 0.0234194754029 0.0070483157040 0.0030705975376 0.0291440492062 0.4608748917232 0.0023486524552 0.0474191439308 0.0020957701723 0.0167276495444
162 0.0422017204480 0.0168049280967 0.0031506352612 0.0167493549014 0.0720384115887 0.0040001840743 0.4151905978101 0.1214905999911 0.0098663374425 0.2702032358101 0.0150824052009 0.0008933474057 0.0072609131862 0.0019409741418 0.0031263546412
163 0.0118968642710 0.0167503551941 0.0091359231494 0.0133002909714 0.0054984597353 0.0091962552220 0.0576292170958 0.0379531168482 0.0484847189219 0.0695830399691 0.0965602192966 0.0199364519485 0.0283295094456 0.0163471690047 0.5593984089265
